n125

R
15.7538 -144.611 1757.86

L
21.2673 -130.49 1768.17

N
5.8609 -129.293 1752.84

RLC
11.9309 -142.51 1777.79

RNC
-4.2236 -145.008 1763.95

LNC
2.4186 -126.102 1772.43

BR - closed
7.66 -127.11 1755.39
12.73 -126. 1760.93
17.75 -127.29 1765.63
21.48 -130.96 1768.22
22.72 -135.9 1767.85
20.57 -140.89 1764.
16.82 -144.04 1759.12
12.21 -143.38 1754.63
7.43 -138.82 1751.27
5.1 -132.84 1750.88

RGH
15.87 -144.62 1758.01
14.15 -141.02 1760.29
12.88 -138.62 1761.93
12. -136.74 1763.11
10.85 -136.19 1764.37
9.71 -136.48 1765.51

LGH
21.23 -130.37 1768.09
18.4 -131.88 1766.63
15.89 -133.17 1765.73
13.24 -134.48 1765.16
11.74 -135.12 1765.62
10.2 -135.64 1767.11

NGH
5.81 -129.32 1752.87
7.54 -130.83 1755.79
9.07 -132.36 1758.8
10.57 -134.16 1762.42
10.61 -135.09 1764.46
9.25 -135.56 1765.85

RCI
-4.23 -144.97 1764.03
0.43 -144.21 1759.32
6.97 -143.76 1757.35
11.4 -143.88 1756.94
15.84 -144.58 1757.86
17.39 -143.78 1762.
17.34 -143.19 1767.5
15.62 -142.58 1772.84
11.96 -142.49 1777.77

LCI
11.89 -142.57 1777.79
17. -140.39 1772.3
20.08 -137.35 1770.11
21.71 -133.96 1768.82
21.28 -130.48 1768.15
17.66 -128.28 1767.41
11.99 -126.51 1767.9
7.84 -125.45 1769.35
2.47 -126.08 1772.38

NCI
2.39 -126.09 1772.47
4.86 -125.66 1768.08
6.63 -125.27 1762.42
7.05 -126.67 1757.33
6.03 -129.54 1753.26
4.1 -134.02 1752.38
2.46 -138.41 1754.32
-0.4 -142.13 1757.89
-4.2 -144.96 1764.

RLS - closed
9.77 -136.32 1765.6
10.69 -135.98 1764.63
12.31 -136.54 1765.18
13.56 -137.48 1766.6
14.94 -138.91 1768.94
15.42 -140.17 1771.26
15.11 -141.15 1773.27
14. -141.89 1775.12
12.29 -142.67 1777.22
11.89 -141.98 1776.
11.98 -141.2 1774.45
11.54 -140.05 1772.34
11.37 -139. 1770.33
10.88 -137.79 1768.12
10.4 -136.96 1766.66

RNS - closed
9.68 -135.82 1765.56
10.92 -135.38 1764.44
11. -135.9 1762.73
9.39 -137.68 1760.46
6.85 -139.78 1759.03
4.52 -141.33 1758.91
2.13 -142.71 1759.41
-0.03 -143.79 1760.38
-1.75 -144.52 1761.53
-3.05 -144.9 1762.94
-3.55 -145.04 1763.5
-0.73 -143.14 1763.73
1.41 -141.74 1763.81
3.48 -140.32 1764.04
6.29 -138.29 1764.71
8.07 -137.03 1765.04

LNS - closed
9.52 -134.82 1765.52
10.7 -134.41 1764.37
10.86 -132.87 1764.13
10.3 -130.6 1764.56
8.96 -128.08 1765.73
7.34 -126.59 1767.22
5.94 -125.94 1768.54
4.35 -126.02 1770.08
3.16 -126.12 1771.23
2.61 -126.21 1771.77
4.43 -127.86 1770.09
6.17 -129.75 1768.5
8.06 -132. 1766.79
8.9 -133.56 1766.05

