n117

R
23.9358 -162.288 1610.15

L
31.7755 -144.297 1619.78

N
14.6408 -145.175 1607.75

RLC
23.3686 -160.806 1632.62

RNC
4.1121 -158.94 1618.79

LNC
11.869 -141.149 1628.25

BR - closed
22.75 -140.39 1614.15
27.75 -140.35 1617.62
30.9 -142.43 1619.3
34.19 -147.92 1620.29
34.17 -153.22 1619.03
31.74 -158.78 1616.05
28.11 -161.92 1612.81
22.52 -161.8 1608.98
18.1 -159.97 1606.36
14.42 -155.91 1604.77
13.1 -149.85 1605.28
14.69 -145.12 1607.49
18.23 -142.24 1610.6

RGH
23.84 -162.29 1610.22
23.31 -160.1 1611.44
22.6 -157.25 1613.05
21.79 -154.04 1614.88
21.3 -152.97 1615.81
20.72 -152.73 1616.7
19.89 -153.05 1617.83

LGH
31.61 -144.31 1619.73
30.23 -145.44 1618.64
27.34 -147.55 1617.5
24.4 -149.54 1617.13
22.59 -150.8 1616.73
21.33 -151.52 1617.17
20.29 -151.9 1618.52

NGH
14.63 -145.05 1607.74
16.2 -146.77 1609.91
17.91 -148.59 1612.18
19.92 -150.68 1614.74
20.46 -151.62 1616.15
19.3 -152.11 1617.89

RCI
4.1 -158.88 1618.8
7.32 -158.53 1615.07
10.32 -159.35 1611.15
14.62 -160.07 1609.23
19.75 -161.04 1608.4
24.06 -162.17 1610.27
26.87 -162.18 1613.5
27.65 -161.7 1617.47
27.24 -160.95 1622.62
25.89 -160.71 1626.82
23.39 -160.65 1632.62

LCI
23.3 -160.78 1632.64
26.54 -158.95 1627.81
29.79 -156.22 1624.51
32.11 -153.15 1622.49
32.89 -149.47 1621.18
31.81 -144.41 1619.88
27.18 -141.84 1619.08
22.71 -141.3 1619.61
18.88 -140.17 1621.
15.68 -140.24 1623.64
11.83 -141.5 1628.2

NCI
11.75 -141.51 1628.31
14.9 -140.54 1623.51
17.38 -140.66 1617.26
17.63 -142.19 1612.46
16.64 -143.45 1609.62
14.75 -145.14 1607.85
12.92 -148.52 1607.44
11.49 -152.15 1608.3
9.72 -155.65 1609.97
7.42 -157.6 1614.03
4.1 -158.9 1618.82

RLS - closed
21.76 -151.6 1616.2
24.37 -153.37 1617.12
26.83 -156.3 1620.22
27.52 -158.55 1623.62
26.65 -159.83 1626.62
24.92 -160.67 1629.59
23.07 -161.17 1632.03
22.87 -158.97 1628.31
22.14 -156.53 1624.6
21.19 -154.15 1621.19
19.85 -152.08 1618.67
20.71 -151.71 1617.27

RNS - closed
19.73 -151.95 1617.58
20.7 -151.61 1616.25
19.79 -152.22 1614.43
17.85 -153.33 1612.51
13.93 -155.31 1611.49
10.23 -156.99 1612.45
7.83 -158.01 1613.8
5.87 -158.71 1616.32
4.49 -159.14 1618.65
6.37 -158.26 1618.46
9.59 -156.76 1618.04
12.65 -155.34 1617.49
15.81 -153.86 1617.15
18.91 -152.34 1617.57

LNS - closed
20.82 -150.83 1615.92
20.78 -148.1 1616.21
20.2 -144.65 1617.34
18.9 -141.93 1619.49
17.48 -140.51 1621.7
15.59 -140.1 1624.53
14.13 -140.59 1626.65
12.85 -141.14 1628.5
14.82 -144. 1625.35
17.06 -147.78 1621.72
18.86 -150.71 1618.83
19.21 -151.43 1618.25

