n104

R
16.8741 -185.912 -191.914

L
28.2155 -170.021 -183.789

N
8.6411 -167.267 -199.604

RLC
15.6697 -181.444 -168.125

RNC
-6.2536 -180.386 -182.925

LNC
6.0943 -160.243 -176.044

BR - closed
19.9 -164.42 -191.47
24.41 -165.94 -187.78
28.09 -168.63 -184.68
28.69 -174.23 -183.86
27.08 -179.04 -184.87
23.86 -183.57 -187.18
19.24 -185.48 -190.75
14.42 -185.1 -194.63
10.25 -182.18 -198.13
6.87 -176.69 -201.16
6.3 -171.6 -201.92
8.67 -167.84 -200.25
14.57 -164.6 -195.73

RGH
17.03 -185.97 -191.74
16.53 -182.89 -190.69
15.82 -179.84 -189.4
15.49 -176.02 -188.45
14.65 -174.65 -187.24
13.13 -174.34 -185.38

LGH
28.21 -170.15 -183.75
26.01 -170.97 -184.99
22.32 -172.05 -185.94
17.66 -173.37 -186.87
15.44 -173.85 -186.77
13.45 -173.86 -184.93

NGH
8.7 -167.34 -199.58
10.79 -169.18 -196.85
11.8 -170.73 -193.46
13.79 -172.63 -190.4
14.64 -173.73 -188.19
13.04 -173.83 -185.62

RCI
-6.27 -180.42 -182.94
-2.3 -181.12 -188.59
1.7 -182.7 -191.59
6.93 -183.85 -192.99
12.19 -184.87 -193.56
16.73 -185.2 -191.83
19.46 -185.43 -188.04
20.33 -184.54 -183.68
19.79 -184.13 -178.06
18.12 -183.05 -173.03
15.64 -181.37 -168.34

LCI
15.44 -181.38 -168.16
20.05 -181.28 -173.46
23.42 -179.43 -179.52
26.28 -176.51 -182.52
28.18 -173.21 -183.62
28.2 -170.2 -183.92
25.32 -167.41 -185.11
20.68 -164.51 -185.67
16.01 -163.19 -184.79
11.28 -160.68 -181.71
6.12 -160.34 -176.07

NCI
6.1 -160.35 -175.97
10.03 -160.64 -182.27
12.47 -163.02 -188.28
12.86 -164.82 -193.51
11.55 -166.04 -197.16
9.11 -167.64 -199.41
5.97 -171.05 -200.61
2.9 -175.79 -196.79
0.34 -178.47 -193.25
-2.91 -180.09 -188.78
-6.28 -180.35 -182.94

RLS - closed
15.9 -174.76 -188.15
18.13 -176.89 -186.24
20.52 -179.57 -183.
21.4 -181.32 -179.43
21.13 -181.94 -176.97
19.92 -182.09 -173.97
17.9 -181.67 -171.04
15.89 -181.25 -168.11
15.79 -179.6 -172.98
15.21 -177.49 -178.27
14.73 -175.8 -182.46
13.66 -174.17 -185.26

RNS - closed
13.47 -173.91 -185.54
15.37 -174.02 -187.85
13.68 -175.46 -190.07
10.66 -177.26 -191.9
5.92 -179.25 -192.48
1.98 -180.6 -192.11
-0.79 -181.12 -190.66
-3.24 -181.07 -187.97
-5.37 -180.7 -184.71
-6.24 -180.34 -182.8
-2.24 -179.42 -184.44
2.78 -177.96 -185.63
8.06 -176.12 -186.03
11.42 -174.83 -185.98

LNS - closed
13.58 -173.58 -185.32
15.49 -173.78 -188.08
15.52 -170.47 -188.23
15.31 -167.3 -188.03
14.27 -163.96 -186.62
12.27 -161.08 -183.8
10.26 -160.04 -180.9
8.23 -159.78 -177.96
6.74 -160.24 -175.77
7.76 -162. -177.21
9.55 -164.82 -179.73
11.25 -167.89 -182.11
12.69 -170.83 -184.1

