n103

R
26.7186 -157.298 1234.46

L
34.9943 -144.237 1241.12

N
19.8927 -142.913 1226.03

RLC
24.3077 -155.31 1251.58

RNC
8.4267 -156.075 1237.21

LNC
16.9842 -136.939 1244.83

BR - closed
19.46 -144.51 1225.43
23.1 -141.25 1228.65
28.42 -139.24 1233.68
32.69 -139.53 1237.94
35.21 -142.47 1240.78
35.35 -148.03 1241.56
33.55 -153.81 1240.46
29.93 -156.96 1237.24
25.79 -157.63 1233.23
22.33 -156.48 1229.67
19.59 -152.86 1226.54
18.3 -149.03 1224.81

RGH
26.62 -157.32 1234.56
25.97 -154.6 1235.43
25.4 -152.44 1236.16
24.89 -150.77 1236.79
24.04 -150.17 1237.66
22.65 -150.17 1238.99

LGH
34.86 -144.21 1241.26
33.36 -145.33 1239.9
30.86 -146.82 1238.54
27.65 -148.25 1237.87
25.8 -149. 1237.66
23.46 -149.06 1239.43

NGH
19.89 -143.01 1226.07
21.32 -144.92 1229.23
23.11 -146.95 1232.28
24.08 -148.51 1235.07
24.15 -149.26 1236.86
22.44 -149.28 1238.8

RCI
8.4 -156.19 1237.28
12.94 -156.11 1233.78
17.44 -156.09 1231.92
21.34 -156.73 1231.52
23.79 -157.25 1232.14
26.76 -157.16 1234.58
28.65 -157.32 1238.58
28.97 -157.29 1242.46
27.55 -156.34 1246.36
24.4 -155.41 1251.61

LCI
24.37 -155.4 1251.66
27.63 -154.96 1248.37
31.55 -153.53 1244.36
33.04 -150.43 1242.53
34.49 -147.29 1241.78
34.8 -144.19 1241.08
31.93 -141.21 1240.24
28.38 -139.89 1239.99
25.22 -138.56 1240.28
21.3 -137.28 1242.24
17.07 -136.95 1244.72

NCI
16.94 -136.93 1244.84
20.76 -137.4 1240.12
22.9 -139.34 1235.12
23.16 -141.49 1230.46
21.51 -143.35 1227.68
19.52 -144.71 1226.35
18.42 -146.58 1226.37
17.09 -149.48 1227.81
14.95 -152.52 1230.61
12.57 -154.82 1233.27
8.43 -156.12 1237.23

RLS - closed
22.94 -149.71 1239.01
24.15 -149.83 1237.71
24.94 -150.01 1237.15
26.6 -151.24 1238.3
28.08 -152.81 1240.58
29.02 -154.1 1242.86
28.66 -154.95 1245.63
27.92 -155.3 1247.58
26.23 -155.3 1249.85
24.41 -155.05 1251.57
24.93 -154.23 1248.64
24.68 -153.16 1246.08
24.47 -152.11 1243.51
23.77 -150.88 1241.08
23.55 -150.39 1240.04

RNS - closed
22.69 -149.3 1238.83
24.1 -149.46 1237.41
24.46 -150. 1236.12
22.75 -151.7 1234.27
20.11 -153.73 1232.53
17.19 -155.21 1232.05
14.45 -155.97 1232.78
11.49 -156.19 1234.7
8.43 -156.18 1237.13
10.21 -155.45 1237.1
14. -153.89 1237.04
17.23 -152.54 1237.04
19.99 -150.98 1237.79
21.66 -149.97 1238.37
22.39 -149.4 1238.87

LNS - closed
23.14 -148.9 1238.79
24.63 -149.08 1237.29
25.18 -148.38 1236.72
25.37 -146.2 1236.46
24.89 -142.94 1236.87
23.9 -140.16 1237.8
22.25 -138.47 1239.44
20.01 -137.21 1241.67
18.12 -136.93 1243.58
17.06 -137.01 1244.66
18.28 -138.57 1243.46
20.22 -141.51 1241.57
21.68 -144.32 1240.16
22.71 -147.13 1239.19

