n121

R
8.7416 -199.749 1385.83

L
16.2434 -185.243 1395.88

N
6.7225 -181.028 1378.08

RLC
-0.757 -197.043 1408.75

RNC
-16.7628 -189.314 1384.08

LNC
-3.3036 -173.122 1395.89

BR - closed
7.95 -180.66 1379.02
10.52 -178.51 1383.1
13.96 -179.35 1389.38
16.22 -182.76 1394.14
16.76 -186.06 1395.82
16. -191.14 1395.61
14.21 -195.44 1393.41
10.84 -198.57 1388.13
7.22 -199.86 1382.02
4.61 -195.8 1376.48
3.56 -190.11 1373.36
4.8 -184.6 1374.32

RGH
8.73 -199.75 1385.81
7.93 -197.35 1386.42
5.6 -193.3 1388.
4.09 -189.38 1389.11
2.97 -188.05 1389.83
0.26 -187.88 1391.41

LGH
16.19 -185.39 1395.98
13.6 -186.23 1392.96
9.18 -186.77 1391.55
5.03 -187.24 1390.37
2.55 -187.31 1390.57
0.37 -187.12 1391.75

NGH
6.64 -181.21 1378.08
6.43 -183.23 1381.2
5.5 -184.93 1384.38
3.61 -186.22 1387.65
2.3 -186.66 1389.24
-0.21 -186.45 1390.76

RCI
-16.66 -189.47 1383.99
-9.41 -193.5 1379.78
-2.36 -196.21 1380.23
3.25 -197.62 1381.85
8.68 -199.63 1386.1
8.77 -200.64 1394.
4.81 -200.29 1402.46
-0.53 -197.12 1408.67

LCI
-0.71 -197.22 1408.76
6.55 -196.84 1404.56
12.69 -194.08 1399.25
15.44 -190.34 1396.84
16.15 -185.36 1395.83
12.94 -180.67 1393.56
7.69 -176.19 1392.29
3.14 -173.65 1393.
-3.2 -172.95 1395.92

NCI
-3.31 -172.98 1396.04
3.57 -173.91 1390.55
7.22 -176.53 1386.55
7.91 -178.81 1382.41
6.75 -181.45 1378.39
2.76 -185.97 1375.82
-2.52 -190.42 1377.46
-9.53 -192.26 1379.35
-16.34 -189.44 1383.81

RLS - closed
0.74 -186.96 1390.95
2.15 -187.07 1390.05
3.24 -187.4 1389.74
4.99 -188.76 1390.54
6.88 -191.15 1392.86
7.55 -193.12 1395.47
7.59 -194.73 1397.98
7.21 -196.38 1400.86
6.01 -197.28 1403.2
4.12 -197.39 1404.8
1.8 -197.48 1406.73
-0.01 -197.34 1407.88
-0.45 -197.23 1408.05
-0.29 -196.22 1406.33
0.18 -194.84 1403.79
0.91 -193.45 1401.06
1.52 -191.86 1398.09
1.59 -190.12 1395.29
1.38 -188.63 1393.09
0.96 -187.57 1391.75

RNS - closed
0.97 -186.8 1390.68
2.63 -187.03 1389.68
2.94 -187.36 1388.51
1.77 -188.13 1386.1
-1.36 -188.87 1384.06
-4.64 -189.51 1382.38
-8.08 -189.81 1381.85
-10.65 -189.99 1381.62
-12.55 -189.89 1382.22
-14.55 -189.71 1383.1
-15.65 -189.59 1383.66
-16.3 -189.52 1384.
-14.85 -189.18 1384.93
-12.45 -188.74 1386.07
-9.12 -188.12 1387.66
-5.84 -187.66 1388.75
-2.79 -187.26 1389.68
0.07 -186.89 1390.5

LNS - closed
0.82 -187.14 1391.24
2.57 -187.16 1390.29
3.77 -186.15 1389.88
4.51 -183.26 1390.14
4.69 -179.75 1390.83
4.06 -176.82 1391.84
2.74 -174.71 1393.02
0.95 -173.61 1394.23
-0.84 -173.3 1395.26
-2.44 -173.41 1396.1
-2.72 -173.94 1396.13
-2.47 -175.21 1395.7
-1.58 -177.61 1394.68
-0.81 -180.87 1393.53
0. -183.87 1392.41
0.44 -186.1 1391.67

