n105

R
-0.6771 -156.9 126.706

L
7.213 -141.626 134.962

N
-7.3318 -138.832 123.565

RLC
-1.2637 -155.653 149.746

RNC
-21.5676 -153.642 137.058

LNC
-10.6045 -135.458 144.582

BR - closed
4.3 -138.19 131.78
6.48 -138.87 133.46
7.52 -141.44 133.98
8.77 -144. 134.67
9.95 -146.76 135.29
10.3 -148.79 135.32
9.51 -152.6 134.2
7.04 -155.53 131.85
3.7 -157.17 128.95
-0.87 -156.75 125.31
-4.8 -154.3 122.45
-7.09 -150. 121.13
-8.53 -146.42 120.41
-9.2 -143.62 120.21
-8.36 -140.91 121.23
-5.67 -138.45 123.7
-2.72 -137.82 126.16
0.22 -137.91 128.52
2.3 -138.23 130.16

RGH
-0.71 -156.94 126.82
-1.47 -154.83 128.59
-2.44 -151.99 130.91
-3.37 -148.79 133.3
-4.22 -148.02 134.72
-5.65 -148.32 136.58

LGH
7.18 -141.77 135.09
4.16 -143.49 134.22
0.58 -145.28 134.25
-2.64 -146.84 134.5
-4.1 -147.46 135.
-5.76 -147.81 137.16

NGH
-7.38 -138.88 123.73
-6.7 -140.47 125.77
-5.98 -142.89 129.17
-4.36 -145.7 132.39
-4.1 -147. 134.32
-6.18 -147.52 137.16

RCI
-21.43 -153.58 137.19
-17.49 -153.29 131.78
-12.96 -154.49 128.77
-7.84 -155.99 127.02
-3.81 -156.5 125.98
-0.68 -156.87 126.72
2.16 -157.16 129.94
3.36 -157.08 134.57
3.13 -156.69 139.05
1.34 -156.05 144.38
-1.38 -155.44 149.54

LCI
-1.48 -155.47 149.71
1.49 -155.07 145.47
5. -153.6 141.05
7.59 -150.06 138.32
8.22 -145.72 136.85
7.12 -141.71 134.98
4.53 -138.97 134.82
1.02 -137.94 135.49
-2.85 -136.57 137.4
-6.25 -135.75 140.03
-10.57 -135.61 144.58

NCI
-10.62 -135.61 144.66
-7.88 -135.56 139.6
-5.94 -136.67 132.81
-5.55 -137.47 128.06
-6.13 -138.54 125.28
-7.31 -139.47 123.73
-10.94 -143. 123.85
-13.27 -147.19 125.93
-15.98 -151.05 129.36
-18.79 -152.63 132.62
-21.45 -153.49 137.18

RLS - closed
-5.16 -147.75 136.84
-3.2 -147.45 134.41
-0.96 -148.99 135.41
1.95 -151.28 137.29
3.59 -153.56 140.33
3.36 -154.72 142.85
1.66 -155.39 145.78
-0.07 -155.61 147.85
-1.35 -155.9 149.63
-2.11 -154.12 146.76
-2.91 -151.97 143.2
-3.92 -150.22 140.64
-4.86 -148.52 138.11

RNS - closed
-5.75 -147.83 136.49
-3.87 -147.55 134.11
-5.78 -148.72 131.37
-8.56 -150. 129.84
-11.76 -151.32 128.99
-14.44 -152.15 129.83
-17.43 -152.98 131.35
-19.85 -153.49 133.6
-21.5 -153.54 136.82
-17.94 -152.36 136.05
-13.59 -150.81 135.82
-9.33 -149.17 136.32
-6.21 -147.88 137.14

LNS - closed
-5.54 -147.22 136.89
-3.54 -146.97 134.41
-3.19 -143.32 134.38
-3.47 -139.21 135.21
-4.77 -136.86 137.11
-6.99 -135.26 140.08
-8.72 -135.22 142.26
-10.56 -135.55 144.53
-9.26 -137.52 142.67
-7.76 -140.18 140.49
-6.83 -143.01 138.99
-6.02 -145.86 137.65

