n119

R
28.3495 -158.536 -191.062

L
29.3007 -140.906 -183.051

N
18.4206 -145.6 -199.069

RLC
19.8228 -155.302 -172.447

RNC
7.5525 -160.748 -190.014

LNC
8.4175 -141.093 -184.077

BR - closed
25.3 -139.72 -188.7
28.76 -140.02 -184.29
31.26 -142.2 -181.86
32.99 -145.6 -180.9
33.36 -149.2 -181.81
31.94 -154.07 -185.53
29.41 -157.55 -190.17
26.68 -158.26 -194.01
22.94 -156.7 -198.29
20.05 -152.41 -200.43
19.21 -146.88 -199.4
20.39 -142.5 -196.18
23.03 -140.64 -192.02

RGH
28.41 -158.5 -191.09
26.25 -156.19 -190.2
23.83 -152.84 -189.39
21.95 -149.74 -188.89
20.78 -149.18 -188.23
18.98 -149.83 -186.84

LGH
29.3 -140.87 -182.99
27.11 -143.03 -184.74
24.26 -145.72 -186.69
22.1 -147.7 -188.03
20.58 -148.74 -188.
18.92 -149.39 -186.7

NGH
18.41 -145.56 -199.02
18.73 -146.26 -196.9
19.52 -147.4 -193.33
20.81 -148.31 -190.27
20.54 -148.85 -188.82
18.56 -149.63 -187.27

RCI
7.51 -160.7 -190.02
13.02 -159.43 -193.69
16.88 -159.38 -194.78
21.96 -159.15 -194.49
25.15 -159.11 -193.74
28.33 -158.3 -191.07
29.5 -157.67 -187.7
29.1 -156.67 -183.98
27.39 -155.71 -179.4
24.44 -155.3 -176.17
20.14 -155.33 -172.37

LCI
20. -155.33 -172.26
23.82 -153.62 -175.16
27.62 -151.13 -177.83
29.95 -148.24 -179.81
31.02 -144.78 -180.62
29.32 -141.08 -183.15
25.73 -140.3 -185.34
21.65 -140.18 -187.31
17.2 -139.97 -187.72
12.9 -139.74 -186.62
8.64 -141.03 -184.15

NCI
8.5 -141.06 -184.04
12.49 -140.18 -187.49
16.31 -141.19 -191.25
18.41 -143.7 -196.03
18.62 -146.11 -198.8
17.94 -150.43 -199.32
16.41 -154.71 -197.37
12.98 -158.03 -194.73
7.62 -160.68 -190.1

RLS - closed
21.97 -148.97 -188.39
23.72 -149.54 -186.87
25.44 -150.87 -183.35
26.22 -152.33 -179.51
25.54 -153.18 -177.27
23.93 -153.99 -175.15
21.77 -154.65 -173.43
20.12 -154.94 -172.67
20.1 -153.96 -175.26
19.8 -152.62 -178.78
19.76 -151.4 -182.
19.51 -150.17 -185.24
19.29 -149.64 -186.65
20.5 -149.28 -187.59

RNS - closed
19.44 -149.68 -187.63
21.07 -149.27 -188.97
20.67 -151.3 -191.44
18.89 -154.12 -193.42
16.18 -156.71 -193.95
13.17 -159.09 -193.83
11.02 -159.98 -192.55
9.12 -160.51 -191.05
7.92 -160.73 -189.95
10.14 -158.71 -189.65
12.93 -156.1 -189.18
15.45 -153.6 -188.56
17.42 -151.75 -188.21
18.68 -150.55 -187.97

LNS - closed
20.92 -148.69 -188.68
20.51 -146.54 -189.28
19.47 -144.2 -189.56
17.36 -141.36 -189.36
14.75 -139.96 -188.24
12.12 -139.87 -186.58
10.41 -140.48 -185.22
8.81 -140.9 -184.02
11.03 -142.35 -184.87
14.02 -144.77 -185.81
16.91 -147.33 -186.64
18.39 -148.73 -187.03
18.91 -149.33 -187.12

