n17

R
20.3647 -181.039 1229.24

L
27.9582 -164.413 1241.72

N
11.108 -161.538 1222.32

RLC
13.3044 -179.516 1252.2

RNC
-6.6716 -177.284 1235.29

LNC
3.3111 -156.321 1246.61

BR - closed
19.39 -158.09 1232.16
25.11 -159.89 1238.58
28.39 -164.49 1241.51
29.82 -171.4 1241.77
27.57 -177.7 1237.78
23.19 -181.19 1231.85
17.19 -179.87 1225.01
12.31 -174.35 1220.36
9.9 -166.93 1219.05
12.64 -160.73 1223.59
15.89 -158.61 1227.89

RGH
20.24 -181.08 1229.35
18.37 -177.58 1231.54
16.47 -174.23 1233.75
15.01 -171.32 1235.5
13.54 -170.21 1236.97
10.91 -170.45 1239.25

LGH
27.85 -164.29 1241.8
25.98 -165.33 1239.54
22.28 -166.9 1237.83
17.69 -168.64 1236.83
14.78 -169.52 1237.41
11.63 -170.15 1239.9

NGH
11.07 -161.51 1222.5
11.97 -163.44 1225.56
12.74 -165.63 1229.15
13.77 -168.17 1233.24
13.39 -169.59 1236.01
10.54 -170.38 1238.88

RCI
-6.54 -177.24 1235.52
-1.38 -176.34 1230.84
3.59 -177.25 1227.01
10.34 -178.76 1226.17
16.13 -179.95 1226.46
20.22 -180.79 1229.3
22.07 -180.4 1234.25
21.98 -179.79 1239.76
20.7 -179.68 1243.8
17.38 -179.35 1248.05
13.09 -179.32 1252.01

LCI
13.1 -179.31 1252.
20.85 -177.27 1245.36
25.02 -174.64 1243.81
27.24 -171.46 1242.82
28.06 -168.23 1242.27
27.74 -164.5 1241.63
25.49 -161.86 1240.44
20.94 -160.32 1239.07
16.34 -158.21 1239.61
8.61 -157.06 1243.1
3.36 -156.9 1246.55

NCI
3.31 -156.87 1246.33
7.26 -156.59 1242.97
12.47 -157.11 1236.18
13.81 -158.88 1230.78
13.27 -159.7 1226.2
11.34 -161.75 1222.51
9.06 -165.18 1221.42
6.74 -169.45 1223.16
3.44 -172.83 1225.17
-0.88 -175.41 1230.49
-6.5 -177.25 1235.48

RLS - closed
11.8 -170.02 1239.02
15.26 -169.51 1236.25
18.69 -172.73 1238.72
19.91 -175.87 1242.39
19.07 -178.12 1246.06
17.21 -179.16 1248.63
13.22 -179.72 1251.79
13.79 -177.43 1248.24
13.88 -174.02 1243.4
12.92 -171.72 1240.75

RNS - closed
11.43 -170.31 1238.62
14.23 -169.86 1236.06
13.37 -170.72 1233.22
10.5 -172.42 1229.64
5.32 -174.44 1228.46
0.71 -175.91 1229.06
-3.22 -176.83 1231.23
-6.64 -177.25 1235.
-1.15 -175.3 1235.3
4.04 -173.45 1235.64
8.25 -171.76 1236.83

LNS - closed
11.11 -169.58 1238.92
14.68 -168.84 1235.92
15.13 -165.96 1235.78
13.95 -161.06 1237.2
11.62 -157.71 1239.47
9.38 -156.13 1241.52
6.37 -155.81 1244.12
3.46 -156.32 1246.58
6.99 -160.89 1243.18
9.37 -164.46 1240.84
10.71 -167.19 1239.47

