n111

R
26.5637 -195.909 60.045

L
31.2124 -175.69 63.1272

N
13.7995 -181.656 53.4576

RLC
26.6389 -189.053 82.3355

RNC
2.3778 -193.392 70.3633

LNC
9.4038 -172.131 72.0399

BR - closed
25.49 -174.88 59.11
29.7 -175.05 61.4
33.04 -178.42 63.14
35.68 -182.53 64.47
35.64 -186.66 64.34
32.61 -191.54 62.55
28.42 -195.27 60.17
23.51 -195.93 57.46
18.82 -194.79 54.94
15.34 -192.73 53.09
13.57 -187.98 52.25
14.06 -183.7 52.63
16.13 -179.94 53.86
19.57 -176.69 55.83
23.02 -175.56 57.74

RGH
26.54 -195.96 60.06
25.4 -193.81 60.13
23.44 -191.35 61.37
20.91 -187.98 62.79
19.64 -186.56 63.74
18.69 -186.45 65.32

LGH
31.19 -175.56 63.15
28.07 -178.33 62.93
24.65 -181.22 63.02
21.89 -183.37 63.49
20.47 -184.24 64.25
19.5 -184.27 65.99

NGH
13.68 -182.06 53.41
15.13 -182.87 56.19
16.8 -183.84 59.62
18.05 -184.51 61.82
18.52 -184.85 63.15
17.9 -184.95 64.79

RCI
2.63 -193.11 70.54
6.31 -193.43 65.44
9.7 -193.52 62.23
13.41 -194.44 60.37
16.99 -195.32 59.2
22.2 -195.68 59.08
26.35 -195.62 59.84
28.08 -194.44 62.47
28.81 -193. 66.81
29.15 -191.61 70.7
28.94 -190.52 74.9
26.28 -189.19 82.19

LCI
26.43 -188.77 82.26
29.56 -188.35 76.2
31.64 -186.47 71.69
33.54 -183.51 68.35
32.52 -179.57 64.63
30.45 -176.1 62.93
26.44 -174.92 61.6
21.57 -174.03 62.15
17.53 -173. 63.56
14.31 -171.1 65.93
9.61 -172.49 71.93

NCI
9.5 -172.47 72.1
14.13 -171.73 64.62
16.52 -174.51 61.55
16.21 -176.41 58.27
15.43 -178.96 55.57
13.99 -182.13 53.82
10.83 -186.84 55.73
9. -190.27 59.84
5.99 -192.55 65.2
2.8 -193.16 70.25

RLS - closed
19.14 -185.17 65.63
20.55 -185.06 63.34
23.39 -185.74 64.08
27.39 -187.08 67.4
30.04 -188.17 70.79
30.7 -188.99 74.9
28.95 -189.26 78.54
26.67 -189.42 82.1
24.48 -188.21 77.46
22.19 -186.81 71.81
20.66 -185.91 68.22

RNS - closed
18.61 -185.36 65.26
19.89 -185.41 63.08
17.7 -187.43 61.36
14.14 -190.01 60.36
9.49 -192.45 61.47
6.85 -193.35 63.35
4.33 -193.8 66.21
2.45 -193.43 70.16
7.19 -191.29 68.14
12.19 -188.93 66.27
16.27 -186.82 65.2

LNS - closed
18.32 -184.96 65.33
20. -184.87 63.17
19.61 -182.27 62.64
18.41 -178.7 62.77
16.67 -174.99 63.53
14.56 -171.9 65.
12.05 -171.24 67.92
10.3 -171.63 70.29
9.42 -172.42 71.72
11.83 -175.24 69.76
14.74 -178.57 67.37
16.78 -181.45 65.92
17.62 -183.08 65.48

