n118

R
34.4921 -188.273 -113.241

L
29.9019 -168.879 -109.114

N
21.1583 -178.51 -123.56

RLC
23.1398 -182.066 -92.4364

RNC
12.9533 -197.382 -111.683

LNC
8.2414 -173.717 -110.242

BR - closed
21.59 -175.79 -122.64
23.18 -170.61 -118.37
26.46 -168.04 -113.45
30.25 -168.54 -109.43
33.54 -168.78 -105.85
35.53 -172.94 -105.59
36.6 -177.37 -106.52
36.77 -182.75 -108.9
35.4 -187.08 -112.51
33.13 -189.05 -116.02
28.5 -188.64 -121.02
25.36 -186.89 -123.72
23.14 -185.11 -125.36
22.09 -180.82 -124.48

RGH
34.41 -188.25 -113.28
31.9 -186.09 -113.12
28.95 -183.84 -112.76
26.28 -182.12 -112.24
24.47 -181.88 -111.31
20.92 -183.13 -108.45

LGH
29.88 -168.89 -109.
28.82 -171.91 -110.11
27.59 -174.99 -111.07
26.16 -178.03 -111.73
24.84 -179.52 -111.27
21.46 -181.29 -108.43

NGH
21.12 -178.45 -123.62
22.5 -178.86 -120.73
23.63 -179.28 -118.08
24.61 -179.72 -115.44
24.3 -180.33 -113.4
20.8 -181.96 -110.4

RCI
12.96 -197.46 -111.76
17.86 -194.66 -115.17
23.85 -192.53 -116.3
28.55 -190.91 -115.93
34.33 -188.13 -113.16
34.07 -185.3 -108.2
31.95 -183.59 -103.41
27.86 -182.28 -97.16
23.17 -182.08 -92.48

LCI
23.15 -181.98 -92.48
28.23 -179.39 -97.37
30.98 -175.19 -102.31
31.03 -171.5 -104.99
29.91 -169.01 -109.09
24.91 -169.14 -111.14
19.33 -169.79 -112.42
14.32 -171.26 -111.97
8.33 -173.76 -110.31

NCI
8.35 -173.74 -110.3
13.73 -172.46 -113.72
18.43 -173.62 -117.52
20.22 -175.47 -120.79
21.49 -179.06 -123.29
20.86 -184.29 -123.72
20.45 -187.68 -121.16
18.47 -192.1 -118.09
15.69 -194.93 -115.31
12.96 -197.43 -111.8

RLS - closed
24.15 -182.2 -93.28
26.67 -181.07 -96.19
28.45 -180.28 -98.15
29.23 -179.78 -100.86
29.57 -179.44 -103.44
29.3 -179.3 -106.22
28.51 -179.35 -108.91
27.04 -179.65 -111.56
25.48 -180.08 -112.94
24.42 -180.5 -112.37
23.1 -181.03 -111.6
22.01 -181.5 -110.52
22.53 -181.5 -108.37
23.47 -181.47 -104.8
24.3 -181.47 -101.32
24.69 -181.64 -97.71
24.56 -181.87 -95.55

RNS - closed
25.29 -181.37 -112.88
25.31 -183.04 -114.24
24.64 -185.61 -115.46
23.33 -188.4 -116.09
21.74 -191.18 -116.35
20. -193.13 -115.76
17.27 -195.34 -114.18
14.92 -196.74 -112.41
13.95 -197.36 -111.7
16.07 -194.87 -112.32
17.88 -192.13 -112.36
19.2 -189.54 -111.91
20.68 -186.53 -111.34
21.51 -184.32 -110.6
22.26 -182.57 -110.12
23.86 -181.82 -111.49

LNS - closed
24.61 -180.31 -112.95
23.22 -178.1 -114.08
20.72 -175.67 -114.8
18.43 -173.98 -115.
16.9 -173.08 -114.95
14.55 -172.76 -113.97
12.21 -172.91 -112.6
10.39 -173.33 -111.29
9.12 -173.56 -110.42
10.62 -174.13 -110.74
13.1 -175.21 -111.14
16.23 -177.11 -111.21
19.3 -179.23 -111.05
21.07 -180.64 -110.8
22.16 -181.22 -110.89
23.41 -180.83 -111.88

