n114

R
8.6264 -197.632 1105.42

L
15.8949 -176.167 1113.29

N
-6.0342 -182.829 1094.6

RLC
3.1331 -188.931 1130.22

RNC
-15.9098 -196.778 1113.96

LNC
-10.2885 -173.73 1116.94

BR - closed
-2.94 -177.71 1097.6
2.88 -175.03 1102.64
9.36 -174.32 1108.05
14.45 -174.92 1112.2
17.54 -178.56 1114.44
16.91 -185.96 1113.27
12.38 -194.73 1108.77
6.83 -197.87 1103.91
1.66 -195.62 1099.84
-4.14 -190.54 1095.49
-6.38 -184.01 1094.21

RGH
8.61 -197.64 1105.43
7.32 -194.43 1105.92
5.26 -189.31 1106.7
3.61 -185.72 1107.48
2.52 -184.7 1108.38
0.73 -184.97 1110.44

LGH
15.83 -176.25 1113.26
13.21 -178.41 1111.22
8.63 -181.52 1109.46
4.88 -183.89 1108.51
3.1 -184.53 1109.4
1.65 -184.73 1110.99

NGH
-5.94 -182.53 1094.74
-3.12 -182.96 1097.39
0.09 -183.63 1101.74
2.14 -184.19 1105.51
2.15 -184.5 1107.87
0.26 -184.77 1110.26

RCI
-16. -196.87 1113.8
-12.02 -197.3 1108.02
-7.33 -197.32 1105.27
-1.79 -197.48 1103.12
3.38 -197.76 1103.37
8.53 -197.6 1105.12
11.54 -195.96 1108.77
12.66 -193.55 1113.7
11.2 -192.05 1119.64
7.42 -190.61 1124.97
3.19 -189.03 1130.11

LCI
3.16 -188.91 1130.18
7.27 -189.12 1125.92
11.53 -188.47 1121.5
14.59 -185.86 1117.11
16.55 -180.87 1115.11
15.95 -176.17 1113.24
11.75 -174.58 1110.94
6.48 -173.91 1109.8
1.15 -173.04 1110.08
-3.92 -172.55 1111.58
-10.27 -173.71 1116.81

NCI
-10.31 -173.75 1116.99
-7.63 -173.15 1111.33
-5.07 -174.78 1105.86
-3.64 -176.92 1100.45
-4.05 -178.57 1096.74
-5.73 -182.69 1094.5
-6.38 -187.91 1095.6
-7.48 -191.57 1098.91
-9.6 -194.16 1102.64
-12.98 -196.05 1107.73
-15.94 -196.82 1113.67

RLS - closed
3.53 -183.83 1108.2
6.38 -185.03 1110.65
8.58 -186.33 1114.
9.6 -187.64 1118.32
9.01 -188.42 1121.86
7.34 -188.87 1124.95
5.32 -189.05 1127.27
3.03 -189.17 1129.57
2.91 -188.43 1126.77
2.63 -187.17 1122.03
2.45 -186.59 1119.89
1.95 -185.62 1116.48
1.62 -184.88 1113.81
0.66 -184.11 1111.55
1.66 -183.82 1109.63

RNS - closed
2.09 -184.53 1107.88
0.55 -187.67 1105.51
-2.11 -190.88 1104.57
-6.09 -194.39 1104.98
-9.59 -196.67 1106.5
-12.83 -197.29 1110.02
-14.19 -196.98 1112.31
-15.35 -196.88 1114.03
-12.5 -195.06 1112.74
-8.8 -192.54 1111.3
-5.26 -189.58 1110.69
-2.19 -187.01 1110.18
-0.13 -185.1 1110.09
1.01 -184.53 1109.34

LNS - closed
1.27 -184.71 1109.74
2.74 -184.48 1107.91
2.03 -181.87 1107.34
0.53 -178.27 1107.13
-2.01 -175.16 1108.38
-4.9 -173.55 1110.85
-7.04 -173.17 1113.12
-8.54 -173.48 1115.02
-10.05 -173.94 1117.02
-7.28 -176.18 1115.01
-3.65 -179.63 1112.68
-0.42 -182.82 1110.67

