n100

R
6.1514 -171.213 277.228

L
10.0534 -154.823 285.614

N
-3.1415 -157.239 270.908

RLC
1.6266 -169.026 295.066

RNC
-13.9855 -170.366 279.145

LNC
-8.7216 -153.108 286.938

BR - closed
-1.42 -156.31 272.98
1.97 -152.73 277.53
6.04 -152.64 281.9
8.98 -153.64 284.77
11.83 -156.89 286.97
12.7 -162.24 286.53
11.25 -167.5 283.62
8.49 -170.32 279.95
5.02 -170.7 276.15
2.02 -170.84 272.92
-1.12 -169.2 269.99
-3.6 -164.64 268.51
-3.51 -159.79 269.85

RGH
6.07 -171.29 277.09
4.18 -168.46 278.4
2.39 -165.82 279.65
1.28 -164.01 280.4
0.23 -163.26 281.24
-1.05 -163.58 282.45

LGH
10.14 -154.84 285.59
8.19 -156.62 284.04
5.75 -158.52 282.89
2.18 -161.06 281.79
0.39 -162.21 281.57
-1.07 -162.63 282.64

NGH
-3.27 -157.26 270.88
-2.11 -158.69 273.68
-0.85 -160.33 276.91
-0.15 -161.55 279.42
-0.58 -162.09 280.87
-1.9 -162.33 282.04

RCI
-13.99 -170.41 279.17
-11.22 -170. 276.36
-6.48 -170.23 274.3
-1.42 -170.8 273.94
2.62 -171.01 274.52
6.05 -171.09 277.17
7.74 -170.65 280.68
7.56 -170.34 284.37
6.31 -170.06 287.99
4.16 -169.27 291.31
1.64 -169.03 295.04

LCI
1.63 -169.04 295.05
5.23 -167.18 291.67
9.42 -164.52 288.94
11.44 -160.01 287.46
10.23 -154.7 285.77
5.89 -153.25 283.35
0.61 -152.44 283.11
-3.49 -152.38 284.32
-8.71 -153.18 286.94

NCI
-8.75 -153.18 287.
-4.86 -152.15 283.64
-1.94 -153.04 279.23
-1.16 -155.5 273.76
-2.66 -157.25 271.08
-4.59 -161.2 269.77
-7.03 -165.69 271.82
-9.94 -168.32 274.82
-13.87 -170.44 279.11

RLS - closed
-0.84 -162.65 282.63
1.17 -162.1 280.62
4.43 -163.98 283.23
6.09 -165.93 286.69
5.85 -167.22 289.53
4.6 -168.01 291.74
1.74 -168.94 294.93
1.56 -167.03 290.93
0.77 -164.86 286.66
-0.09 -163.48 284.07

RNS - closed
-1.22 -162.8 282.11
0.53 -162.4 280.41
-0.64 -163.85 277.62
-3.35 -165.96 275.34
-6.84 -167.94 274.86
-9.88 -169.22 275.89
-11.88 -169.86 277.26
-13.98 -170.4 279.1
-9.04 -167.6 279.79
-4.85 -165.06 280.93
-2.46 -163.63 281.51

LNS - closed
-1.13 -162.54 282.35
0.74 -162.15 280.61
0.3 -159.12 280.61
-1.15 -155.42 281.43
-2.89 -153.25 282.71
-4.93 -152.55 284.46
-8.01 -152.97 287.31
-5.51 -155.18 285.34
-3.07 -158.32 283.55
-1.69 -161.11 282.67

