n1

R
13.4902 -167.841 -227.295

L
18.6703 -149.047 -221.006

N
-0.2282 -154.022 -235.373

RLC
9.9738 -163.601 -206.648

RNC
-8.6103 -167.923 -222.048

LNC
-4.2823 -147.417 -216.393

BR - closed
8.55 -146.96 -227.83
14.05 -147.29 -223.89
18.42 -148.96 -220.95
20.91 -153.96 -219.82
19.99 -160.44 -221.36
15.63 -166.95 -225.4
9.82 -168.54 -229.82
4.65 -167.17 -233.39
0.92 -163.52 -235.6
-0.4 -158.94 -235.94
-0.18 -153.22 -235.
3.54 -148.44 -231.66

RGH
13.48 -167.76 -227.11
12.23 -165.73 -226.84
9.39 -162.97 -225.13
7.03 -159.94 -224.14
5.98 -159.09 -223.41
4.81 -159.2 -221.99

LGH
18.59 -148.98 -221.05
15.91 -151.07 -222.04
11.94 -153.75 -222.27
9.32 -155.64 -222.78
6.87 -157.39 -223.2
5.86 -157.92 -222.84
4.9 -158.18 -221.75

NGH
-0.27 -153.94 -235.36
1.35 -154.83 -232.85
2.88 -155.8 -230.01
4.46 -156.93 -226.61
4.99 -157.58 -224.47
3.83 -158.01 -222.3

RCI
-8.45 -168.03 -221.93
-2.07 -167.91 -227.55
3.27 -168.3 -228.57
8.63 -168.38 -228.73
13.38 -167.68 -227.49
14.93 -166.47 -222.74
14.69 -165.19 -217.62
13.33 -164.41 -212.16
9.92 -163.46 -206.74

LCI
9.92 -163.64 -206.82
15. -160.29 -212.27
17.86 -156.71 -216.35
19.48 -152.97 -219.36
18.53 -149.49 -221.25
13.78 -148.1 -222.28
7.33 -146.72 -222.5
1.54 -146.42 -220.64
-4.22 -147.76 -216.27

NCI
-4.2 -147.8 -216.34
-1.38 -147.4 -220.82
0.61 -147.79 -225.62
1.3 -149.97 -230.76
0.07 -155.07 -235.17
-1.48 -160.52 -233.9
-3.03 -164.44 -229.75
-5.43 -166.39 -226.05
-8.47 -167.86 -222.01

RLS - closed
5.5 -158.33 -222.29
6.68 -158.24 -223.42
8.86 -158.95 -222.22
11.99 -160.29 -219.26
13.36 -161.14 -216.94
13.58 -162.12 -213.37
13.32 -162.59 -211.41
11.94 -162.89 -209.36
10.86 -163.08 -207.92
10.22 -163.2 -207.03
9.96 -162.81 -208.33
9.61 -162.29 -210.06
8.91 -161.33 -213.21
7.58 -160.28 -216.31
6.5 -159.31 -219.25
5.62 -158.55 -221.54

RNS - closed
5.64 -158.33 -224.51
3.54 -160.8 -226.4
0.94 -163.21 -227.24
-1.37 -165.1 -227.41
-3.61 -166.42 -226.41
-5.73 -167.46 -224.96
-7.14 -167.89 -223.41
-8.01 -168.06 -222.2
-6.74 -167.07 -222.23
-4.93 -165.71 -222.39
-1.31 -162.94 -222.55
2.26 -160.18 -222.65
4.15 -158.76 -222.81
5.01 -158.27 -223.24

LNS - closed
5.2 -158.12 -222.65
5.82 -157.92 -223.55
5.92 -155.91 -224.68
4.86 -152.9 -224.83
2.45 -149.46 -223.45
0.3 -147.13 -221.85
-1.33 -146.64 -220.01
-2.82 -147.06 -217.88
-3.82 -147.47 -216.39
-2.94 -148.76 -216.87
-1.34 -150.13 -218.24
0.64 -152.07 -219.81
2.13 -153.8 -220.86
3.52 -155.71 -221.69
4.74 -157.35 -222.43

