n112

R
32.8187 -179.561 -196.055

L
38.3245 -160.429 -183.969

N
20.3514 -159.101 -197.603

RLC
28.6332 -177.519 -173.443

RNC
8.537 -178.757 -183.907

LNC
18.1291 -160.021 -174.218

BR - closed
26.82 -156.15 -192.04
32.14 -155.49 -187.58
36.33 -157.97 -185.28
39.88 -162.4 -184.28
40.61 -168.59 -186.2
39.36 -174.32 -189.51
35.8 -178.46 -193.99
29.96 -179.46 -199.
24.63 -176.1 -201.84
19.81 -171.38 -203.74
16.87 -166.37 -204.02
17.95 -161.94 -201.38
22.45 -158.16 -196.3

RGH
32.85 -179.5 -195.97
31.81 -176.15 -194.28
30.88 -173.38 -192.79
29.43 -170.99 -190.6
27.97 -170.24 -188.54
26.8 -170.86 -186.98

LGH
37.97 -160.45 -184.3
35.56 -162.89 -186.1
32.72 -165.7 -187.86
29.8 -168.4 -188.68
28.3 -169.62 -188.27
26.93 -170.49 -186.55

NGH
20.6 -159.33 -197.14
23.38 -162.98 -195.04
26.04 -166.59 -192.88
26.67 -169.49 -190.17
26.15 -170.79 -188.42
24.98 -171.45 -186.94

RCI
8.42 -178.67 -183.69
12.03 -177.7 -190.41
16.99 -178.21 -194.87
22.73 -179.65 -196.94
27.56 -179.15 -198.03
32.85 -179.77 -196.27
35. -178.77 -192.48
35.32 -177.34 -188.12
34.71 -177.07 -183.64
32.41 -177.11 -179.2
28.7 -177.67 -173.71

LCI
28.64 -177.64 -173.46
32.27 -176.07 -177.75
35.4 -173.6 -181.37
38.77 -169.56 -183.07
39.61 -164.03 -183.31
38.27 -160.81 -184.2
32.6 -158.28 -184.3
27.34 -157.54 -182.37
23.17 -157.54 -179.49
18.27 -159.84 -174.27

NCI
18.1 -159.85 -174.19
20.79 -158.24 -178.91
23.04 -157.08 -185.01
23.78 -156.99 -190.75
22.81 -157.74 -194.75
20.64 -159.33 -197.39
17.79 -161.95 -199.22
15.83 -165.69 -199.93
14.97 -170.54 -198.1
13.75 -174.45 -194.56
11.17 -176.81 -189.98
8.5 -178.72 -183.85

RLS - closed
28.18 -170.22 -188.92
31.61 -171.36 -187.2
34.49 -172.82 -184.83
34.84 -174.68 -181.53
32.11 -176.35 -178.25
28.7 -178.29 -174.42
28.22 -175.53 -179.36
27.37 -173.18 -183.5
25.97 -171.4 -186.58

RNS - closed
26.89 -170.1 -189.7
25.88 -170.09 -192.11
22.48 -171.13 -194.51
19.15 -172.3 -195.99
16.25 -173.56 -195.99
14.08 -174.83 -194.23
11.76 -176.46 -190.84
10.59 -177.58 -187.52
8.72 -179.02 -184.12
13.46 -176.59 -186.11
17.82 -174.52 -187.09
22.52 -172.36 -187.76
25.34 -171.22 -187.31

LNS - closed
27.32 -169.44 -190.04
28.14 -167.04 -190.74
28.22 -163.61 -190.13
27.04 -159.41 -187.51
25.28 -157.59 -184.56
22.87 -157.33 -180.98
19.91 -158.71 -176.94
17.96 -159.97 -174.36
19.82 -162.51 -177.61
21.36 -164.68 -180.33
23.04 -166.86 -183.25
24.52 -169.23 -185.91
25.16 -170.64 -187.15

