n115

R
22.9733 -177.914 1877.32

L
26.7354 -160.687 1886.4

N
12.9242 -159.573 1870.67

RLC
14.2563 -176.445 1899.55

RNC
-3.216 -174.909 1881.97

LNC
5.3112 -156.804 1892.08

BR - closed
14.29 -158.68 1872.8
19.3 -157.2 1879.03
24.58 -158.78 1884.73
28.07 -164.16 1887.31
28.64 -170.91 1886.12
26.26 -175.33 1882.15
21.82 -178.24 1876.2
16.05 -176.16 1870.06
11.71 -171.79 1866.22
10.08 -165.26 1866.11

RGH
22.9 -177.96 1877.27
21.72 -175.2 1878.29
19.74 -171.85 1879.99
18.45 -169.53 1881.09
17.19 -168.98 1882.16
14.82 -169.47 1884.16

LGH
26.77 -160.77 1886.42
24.42 -162.24 1884.93
20.73 -164.26 1883.57
18.25 -165.5 1883.04
16.71 -166.07 1883.42
13.99 -166.64 1885.6

NGH
12.99 -159.77 1870.62
14.48 -161.76 1873.17
15.6 -163.89 1876.17
16.53 -166.27 1879.66
15.96 -167.18 1881.47
13.46 -167.65 1883.54

RCI
-3.3 -174.98 1881.94
2.9 -175.89 1877.2
7.79 -175.66 1875.15
13.07 -177.36 1874.88
18.27 -178.02 1875.45
22.81 -177.87 1877.47
24.05 -177.49 1881.89
23.09 -177.28 1887.84
21.33 -176.33 1891.18
18.23 -176.3 1895.49
14.24 -176.45 1899.59

LCI
14.23 -176.43 1899.61
19.92 -174.83 1895.12
23.97 -172.04 1891.9
26.87 -167.51 1888.98
26.64 -160.88 1886.36
21.37 -157.9 1884.92
14.79 -156.2 1886.25
9.91 -155.91 1888.37
5.23 -156.9 1891.95

NCI
5.3 -156.95 1892.13
8.73 -156.05 1888.25
11.96 -155.71 1884.12
14.39 -156.86 1878.68
14.94 -158.34 1874.04
12.96 -160.06 1870.52
9.78 -163.16 1868.35
7.61 -167.83 1870.2
4.1 -171.78 1874.09
0.4 -173.95 1877.92
-3.35 -174.96 1881.97

RLS - closed
14.7 -167.78 1884.2
16.44 -167.5 1882.92
17.91 -167.98 1883.
20.09 -169.6 1884.6
21.12 -171.28 1886.84
21.26 -173.8 1890.88
20.33 -174.97 1893.22
18.45 -175.89 1895.62
16.14 -176.28 1897.36
14.73 -176.69 1898.69
14.88 -175.98 1897.47
15.72 -174.78 1895.12
16.52 -172.98 1891.8
16.67 -171.44 1889.23
16.13 -169.73 1886.69
15. -168.36 1885.01

RNS - closed
14.67 -167.41 1884.44
16.67 -166.96 1882.58
16.51 -167.59 1879.67
14.82 -168.79 1876.9
12.42 -170.12 1874.99
10.33 -171.07 1874.36
6.85 -172.36 1874.94
4.24 -173.19 1876.08
0.56 -174.25 1878.24
-1.8 -174.75 1880.55
-2.55 -174.85 1881.58
-0.84 -174.22 1881.32
2.29 -173.03 1880.98
6.5 -171.32 1881.09
10.13 -169.78 1881.56
12.58 -168.73 1881.92
13.92 -167.99 1882.98

LNS - closed
14.89 -168.05 1884.17
16.62 -167.7 1882.67
17.31 -165.9 1882.08
17.35 -163.14 1882.04
16.62 -160.53 1882.66
15.03 -158.21 1884.04
13.24 -157.05 1885.58
11.65 -156.27 1886.94
9.28 -156.12 1888.98
7.44 -156.32 1890.56
6.16 -156.8 1891.67
6.86 -158.01 1891.06
8.84 -159.58 1889.36
10.87 -161.22 1887.62
12.9 -163.07 1885.87
13.87 -164.88 1885.04
14.54 -166.99 1884.46

