n15

R
27.6463 -192.171 1756.42

L
36.0851 -175.919 1767.48

N
22.3902 -170.897 1748.57

RLC
19.7189 -188.995 1778.49

RNC
1.8094 -186.399 1758.71

LNC
11.7505 -165.748 1769.35

BR - closed
33.85 -169.22 1762.19
36.52 -170.48 1765.87
37.88 -174.32 1767.86
37.56 -179.45 1767.58
35.76 -184.52 1765.26
34.23 -187.56 1763.26
32.33 -190.95 1760.77
29.47 -192.11 1756.88
27.11 -191.72 1753.64
24.21 -190.98 1749.65
21.51 -187.21 1745.84
19.66 -181.53 1743.12
19.65 -176.71 1742.96
21.8 -172.05 1745.76
25.92 -169.2 1751.32
30.3 -168.54 1757.29

RGH
27.64 -192.3 1756.55
25.98 -189.2 1757.58
23.7 -185.33 1759.02
22.38 -182.49 1759.82
21.1 -181.49 1760.69
19.85 -181.59 1761.6

LGH
36.08 -176.23 1767.45
33.53 -177.21 1765.13
28.5 -178.58 1763.65
24.17 -179.86 1761.85
21.73 -180.56 1760.97
19.83 -180.78 1761.99

NGH
22.2 -171.25 1748.52
21.72 -173.21 1751.19
21.03 -176.69 1755.82
20.71 -178.98 1758.78
20.85 -180.1 1760.06
20.01 -180.5 1761.07

RCI
1.83 -186.33 1758.7
7.12 -187.63 1754.38
14.29 -188.94 1752.13
19.47 -190.67 1751.58
24.07 -191.92 1753.33
27.77 -192.26 1756.37
29.58 -191.78 1761.43
28.28 -190.94 1766.98
25.53 -190.22 1772.12
19.67 -188.95 1778.34

LCI
19.63 -188.93 1778.41
25.85 -187.69 1773.93
31.1 -184.47 1770.89
34.4 -180.42 1769.44
35.94 -175.02 1768.71
33.13 -171.22 1766.51
27.42 -168.74 1764.47
20.66 -166.6 1765.06
11.67 -166.14 1769.35

NCI
11.79 -166.16 1769.29
17.93 -166.22 1763.36
20.7 -167.12 1757.14
22.27 -168.64 1752.25
22.25 -170.43 1748.37
18.97 -173.89 1745.98
15.8 -178.15 1746.46
12.51 -182.14 1749.2
7.71 -185.33 1752.8
1.86 -186.46 1758.75

RLS - closed
19.74 -180.89 1761.44
21.57 -181.01 1760.11
23.54 -182.81 1762.21
25.68 -185.34 1765.73
26.17 -187.18 1769.19
25.01 -188.1 1772.14
23.43 -188.65 1774.67
21.33 -188.88 1776.97
19.79 -188.91 1778.38
19.94 -187.74 1775.76
19.81 -185.94 1772.07
20.17 -184.56 1768.84
20.27 -183.02 1765.49
19.85 -181.63 1762.91

RNS - closed
19.29 -181. 1761.31
21. -181.05 1760.02
20.96 -181.83 1757.78
18.64 -183.32 1754.98
15.96 -184.42 1753.55
12.28 -185.63 1752.48
8.6 -186.26 1753.1
5.29 -186.21 1755.42
2.88 -186.15 1757.2
1.82 -185.93 1758.56
6.41 -184.74 1758.97
12.44 -183.05 1759.9
16.64 -181.95 1760.3

LNS - closed
19.5 -180.47 1761.11
21.4 -180.41 1759.54
21.85 -176.48 1759.66
20.77 -171.68 1761.14
18.74 -167.82 1763.3
16.7 -166.46 1765.16
14.45 -166.2 1767.05
11.84 -165.65 1769.28
13.3 -168.04 1767.78
16.11 -173.04 1764.84
17.92 -176.36 1762.93
19.3 -179.39 1761.41

