n12

R
21.0678 -205.881 982.123

L
26.9827 -188.499 994.992

N
14.1301 -185.36 974.363

RLC
11.2951 -203.447 1002.78

RNC
-5.8281 -199.702 982.825

LNC
5.883 -181.614 996.441

BR - closed
19.59 -182.57 982.32
22.27 -182.02 986.83
24.52 -182.99 990.38
26.25 -185.32 992.8
27.52 -189.82 994.09
27.67 -194.42 993.51
26.72 -197.57 991.39
25.83 -200.26 989.44
24.35 -204. 986.32
22.1 -205.67 982.32
19.01 -205.23 977.29
15.97 -201.6 972.93
12.92 -195.16 969.06
12.18 -189.47 968.86
14.34 -185.95 973.05
16.81 -184.18 977.45

RGH
21.1 -205.91 982.16
19.79 -202.86 983.44
18.07 -199.02 985.11
16.89 -196.19 986.28
15.92 -195.18 987.05
14.19 -195.12 988.2

LGH
26.98 -188.62 994.97
25.82 -189.6 992.68
22.96 -191.21 989.88
19.2 -192.87 987.83
17.19 -193.63 987.2
14.28 -194.01 988.85

NGH
14.07 -185.28 974.49
14.34 -187.39 977.6
15.69 -189.97 980.92
16.49 -192.25 984.04
16.13 -193.33 985.86
14.19 -193.67 987.29

RCI
-5.64 -199.32 983.09
-1.08 -200.31 979.
4.1 -201.22 976.78
9.05 -202.06 976.42
13.34 -203.77 977.56
17.81 -205.51 979.04
20.8 -205.58 982.12
21.57 -205.36 987.06
20.59 -205.15 990.73
18.49 -204.92 994.38
15.71 -204.36 998.67
11.3 -203.4 1002.59

LCI
11.34 -203.24 1002.67
14.87 -203.4 999.87
19.23 -202.67 997.34
22.72 -200.23 995.44
25.19 -196.25 994.33
26.35 -192.56 994.48
26.28 -188.65 994.41
23.95 -185.14 992.69
20.29 -183.4 991.39
15.77 -182.21 991.3
12.15 -180.72 992.98
5.98 -181.63 996.33

NCI
5.85 -181.62 996.36
12. -180.38 992.07
14.95 -180.94 987.53
15.64 -182.14 982.96
15.71 -183.48 978.68
14.38 -185.53 974.84
10.57 -188.73 971.71
7.24 -193.01 973.09
4.43 -196.3 974.9
0.72 -198.55 976.64
-5.58 -199.57 983.14

RLS - closed
14.72 -194.25 988.19
18.07 -194. 986.31
19.46 -196.41 988.94
19.99 -199.46 992.82
19.03 -201.71 996.31
16.95 -203.35 999.48
13.97 -203.99 1001.72
11.46 -203.71 1002.5
12.6 -202.18 999.9
13.66 -199.71 996.07
14.53 -197.48 992.65
14.85 -195.49 989.81

RNS - closed
14.48 -194.21 986.82
16.59 -194.04 985.29
14.69 -195.2 981.95
11.57 -196.62 978.79
7.59 -197.92 977.09
2.41 -199.22 976.79
-1.38 -199.75 978.55
-3.98 -199.89 980.79
-5.61 -199.83 982.88
0.01 -198.49 982.92
4.6 -197.29 983.43
9.98 -195.67 985.03
13.08 -194.51 986.97

LNS - closed
14.85 -194.19 987.81
17.33 -193.98 986.3
18.02 -188.97 986.86
16.99 -184.87 988.31
14.55 -181.42 990.53
11.72 -180.62 992.46
9.24 -180.67 994.01
5.9 -181.51 995.95
9.14 -184.39 993.34
12.04 -188.4 990.72
14.03 -192.15 988.73

