n108

R
21.3315 -180.196 1393.65

L
21.0422 -165.567 1408.93

N
12.8159 -157.905 1391.59

RLC
8.2131 -186.722 1414.58

RNC
-2.41 -179.37 1391.1

LNC
-3.1613 -162.028 1408.36

BR - closed
18.69 -158.89 1404.94
20.5 -161.73 1407.48
21.64 -164.35 1408.16
23.21 -168.02 1409.02
24.3 -172.1 1407.91
24.32 -175.09 1404.68
23.87 -177.77 1400.29
22.9 -179.61 1395.23
21.15 -178.41 1391.06
18.97 -175.08 1387.9
16.92 -171.09 1385.89
15.37 -167.56 1384.93
14.01 -163.57 1385.09
13.87 -160.4 1388.14
14.04 -157.74 1391.62
14.9 -156.65 1395.52
16.74 -157.07 1400.85

RGH
21.2 -180.37 1393.73
18.95 -178.12 1395.46
16.1 -175.02 1397.74
13.08 -172.36 1399.93
11.66 -171.66 1400.76
10.06 -172.22 1401.22

LGH
20.91 -165.54 1408.95
19.36 -166.78 1406.78
16.08 -169.1 1403.37
13.71 -170.56 1401.76
11.97 -171.42 1401.42
10.29 -172.03 1401.95

NGH
12.7 -158.04 1391.78
12.86 -160.66 1393.66
11.58 -164.27 1396.29
12.16 -167.84 1398.86
11.98 -170.19 1400.55
9.57 -171.61 1401.61

RCI
-2.55 -179.45 1390.8
4.39 -176.6 1388.95
9.59 -175.7 1388.64
13.79 -177.58 1389.36
17.92 -179.31 1390.91
21.36 -180.24 1393.89
20.83 -181.42 1400.31
18.19 -182.76 1405.07
14.2 -184.62 1409.91
8.2 -186.73 1414.54

LCI
8.16 -186.7 1414.66
13.94 -182.84 1412.17
18.14 -178.02 1410.26
20.63 -173.14 1409.65
21.34 -169.45 1409.7
21.03 -165.65 1408.95
18.38 -162.44 1407.81
14.26 -160.76 1406.55
8.27 -159.52 1406.2
3.25 -159.85 1406.76
-3.15 -162. 1408.36

NCI
-3.28 -162.03 1408.42
2.34 -159.43 1404.98
7.36 -157.94 1401.29
11.77 -157.08 1396.42
13.01 -158.33 1391.64
11.91 -161.77 1388.09
10.64 -166.65 1387.02
8.58 -171.2 1387.67
3.79 -175.73 1388.75
-2.53 -179.44 1390.79

RLS - closed
10.03 -172.52 1402.03
13.02 -171.31 1400.67
15.4 -173.82 1402.69
16.84 -176.45 1404.9
16.02 -180.26 1408.38
13.66 -183.15 1411.17
10.93 -185.23 1413.28
8.31 -186.52 1414.68
9.17 -182.58 1411.08
9.96 -178.85 1407.68
10.47 -174.95 1404.15

RNS - closed
10.25 -172.82 1401.39
12.87 -171.94 1400.27
12.67 -172.49 1397.08
11.52 -173.52 1393.3
10.46 -174.36 1390.45
7.54 -175.7 1389.31
4.01 -177.14 1389.11
1.28 -178.08 1390.09
-2.28 -179.35 1391.14
2.33 -177.3 1392.58
6.73 -175.08 1395.69
9.31 -173.52 1399.22

LNS - closed
9.83 -172.27 1401.41
12.67 -171.21 1400.17
12.71 -168.12 1400.49
11.01 -164.43 1401.7
8.31 -160.97 1403.35
4.92 -159.39 1405.13
1.04 -160.69 1406.83
-2.98 -162.11 1408.58
2.03 -164.86 1405.9
7.63 -169.73 1402.72

