n10

R
28.4992 -161.349 164.619

L
34.3724 -146.242 175.333

N
21.6393 -144.353 163.487

RLC
25.0162 -161.359 186.647

RNC
8.5108 -157.737 172.535

LNC
18.1423 -141.724 182.122

BR - closed
33.15 -142.92 173.04
35.57 -145.72 174.5
37.42 -147.73 175.65
39.15 -152.18 175.88
38.87 -157.06 174.01
36.34 -160.73 170.32
32.46 -162.06 166.09
29. -161.38 162.92
25.93 -159.98 160.38
22.32 -156.19 158.09
20.14 -152.05 157.31
19.87 -148.94 158.06
20.92 -145.44 160.24
22.27 -143.86 162.09
24.02 -142.46 164.26
27.48 -141.39 167.99
30.34 -141.49 170.76

RGH
28.43 -161.33 164.6
27.94 -159.17 165.93
26.38 -156.72 168.61
25.02 -154.43 171.02
24.31 -152.89 172.38
22.81 -153. 174.11

LGH
34.29 -146.28 175.37
31.85 -147.77 173.54
28.73 -149.41 173.4
25.71 -151.01 173.22
24.51 -151.61 173.42
23.28 -152.1 174.62

NGH
21.72 -144.39 163.55
22.83 -145.69 164.9
22.35 -147.37 167.54
23.4 -150.12 171.01
23.48 -151.34 172.73
22.38 -151.89 174.03

RCI
8.68 -157.72 172.75
11.59 -157.15 169.31
16.58 -157.82 165.77
20.33 -159.11 164.21
24.4 -160.41 163.73
28.36 -161.21 164.65
30.19 -161.58 168.34
30.59 -161.5 173.27
29.35 -161.12 178.08
27.42 -161.19 182.36
24.8 -161.17 186.49

LCI
24.73 -161.25 186.43
29.13 -158.93 181.41
33.12 -155.71 178.76
35.51 -152.51 177.69
35.89 -148.82 176.5
34.49 -146.27 175.37
30.73 -143.67 175.02
26.73 -142.55 175.84
22.58 -142.24 178.04
18.12 -142.07 182.05

NCI
18.03 -142.08 182.19
20.77 -142.2 176.95
22.34 -142.06 172.59
22.78 -142.77 167.71
21.64 -144.3 163.56
18.7 -147.29 161.72
16.36 -151.14 162.87
13.36 -154.55 166.64
10.94 -156.17 169.72
8.64 -157.6 172.74

RLS - closed
23.12 -153.21 174.28
24.5 -152.8 172.68
26.69 -154.01 173.25
29.26 -156.46 175.61
30.29 -158.37 178.1
29.16 -159.94 181.46
26.87 -160.84 184.48
24.97 -161.39 186.65
24.52 -158.94 182.88
24.16 -156.28 178.7
23.81 -154.55 176.05

RNS - closed
22.61 -152.39 174.1
24.13 -151.89 172.51
22.92 -152.49 170.03
20.05 -153.72 167.87
16.52 -155.13 167.23
13.22 -156.38 167.94
11.03 -157.16 169.36
9.34 -157.7 171.59
8.7 -157.9 172.52
11.23 -156.91 172.64
15.8 -155.11 172.91
19.76 -153.56 172.99
21.8 -152.73 173.65

LNS - closed
22.78 -151.91 174.46
24.45 -151.43 172.73
24.92 -149.06 172.83
24.84 -146.18 173.65
23.73 -143.35 175.61
21.81 -141.75 178.15
19.92 -141.36 180.33
18.21 -141.86 182.11
19.72 -143.93 179.9
20.9 -146.6 177.91
22.13 -148.98 175.93
22.63 -150.59 174.96

