n122

R
31.588 -180.683 1603.88

L
32.8777 -155.838 1614.4

N
14.7504 -160.597 1596.99

RLC
23.1429 -171.556 1627.95

RNC
5.5047 -178.606 1613.3

LNC
11.1603 -155.112 1619.58

BR - closed
28.63 -154.08 1610.3
35.1 -156.59 1614.93
38.45 -160.87 1616.19
39.04 -169.12 1613.57
37.51 -175.13 1609.98
33.92 -180. 1605.05
28.67 -180.12 1600.49
22.67 -175.85 1596.93
17.07 -169.32 1594.59
14.86 -162.04 1595.44
18.62 -156.95 1600.61
23.72 -154.33 1605.99

RGH
31.57 -180.71 1603.88
30.53 -177.43 1604.32
28.95 -174.13 1605.33
26.37 -168.22 1606.88
24.76 -166.26 1608.22
22.94 -166.77 1610.3

LGH
32.85 -155.72 1614.39
30.56 -158.93 1610.83
27.74 -162.05 1608.96
25.57 -164.14 1608.49
24.19 -165.16 1609.14
22.81 -165.86 1610.79

NGH
14.76 -160.64 1597.02
17.57 -161.49 1599.16
21.3 -162.76 1602.33
23.73 -164.25 1606.04
24.04 -165.08 1608.05
22.42 -165.93 1610.07

RCI
5.56 -178.66 1613.31
11.53 -178.81 1606.94
17.81 -178.79 1603.08
24.53 -179.24 1601.6
31.44 -180.42 1603.65
34. -177.97 1608.36
33.39 -175.3 1613.49
31.62 -173.25 1619.42
27.07 -171.71 1624.21
22.87 -171.3 1627.83

LCI
22.76 -171.39 1627.95
30.77 -170.39 1622.54
35.02 -167.18 1617.74
37.38 -162.49 1616.95
36.16 -158.1 1616.2
32.53 -156.17 1613.88
28.66 -155.06 1611.62
24.25 -154.59 1609.96
17.76 -154.07 1612.09
11.26 -155.09 1619.54

NCI
11.07 -155.1 1619.53
15.34 -155.34 1611.72
16.42 -155.62 1606.29
16.6 -157.94 1601.2
15.17 -160.91 1597.17
14.24 -165.66 1595.91
13.67 -171.53 1598.53
10.2 -176.31 1604.15
5.49 -178.59 1613.3

RLS - closed
23.02 -165.65 1610.45
25.11 -164.93 1608.05
27.94 -166.09 1610.48
30.74 -168.14 1615.26
31. -169.78 1619.57
29.61 -170.94 1622.96
26.8 -171.64 1625.47
23.38 -172.08 1627.43
24.14 -170.23 1622.35
23.9 -168.36 1617.44
23.38 -166.69 1613.13

RNS - closed
24.61 -166.35 1607.48
23.44 -168.09 1605.38
20.84 -170.94 1603.36
17.42 -173.71 1603.26
12.85 -176.8 1604.72
10.11 -177.99 1607.32
8.28 -178.4 1610.05
5.89 -179. 1613.47
11.37 -175.55 1611.06
17. -171.58 1609.69
20.93 -168.43 1609.72
22.47 -167.04 1610.13

LNS - closed
22.94 -165.47 1610.09
24.43 -164.91 1608.27
23.9 -162.13 1607.78
22.22 -158.21 1608.11
19.56 -155.11 1609.82
16.39 -153.73 1612.74
14.05 -153.65 1615.26
12.28 -154.54 1617.52
10.97 -155.15 1619.18
14.29 -157.66 1616.52
18.18 -160.91 1613.54
20.9 -163.65 1611.63

