n18

R
4.9264 -202.829 183.009

L
11.9609 -184.119 192.086

N
-5.156 -189.373 175.936

RLC
-0.1955 -199.411 208.163

RNC
-18.5598 -201.858 188.087

LNC
-12.4269 -180.676 198.716

BR - closed
6.9 -181.8 187.05
9.55 -182.46 189.33
11.95 -183.55 191.33
13.67 -185.59 192.57
14.5 -188.43 192.9
13.78 -192.75 191.61
11.34 -197.81 188.67
8.64 -201.84 185.65
5.55 -202.64 182.77
2.47 -202.83 179.97
-0.7 -201.67 177.29
-3.07 -198.99 175.56
-4.67 -195.46 174.64
-4.81 -191.91 175.04
-4.03 -188.15 176.29
-2.42 -184.93 178.22
-0.15 -182.55 180.6
3.15 -181.71 183.69

RGH
4.98 -202.84 183.09
3.74 -200.38 184.33
2.35 -196.95 185.69
0.98 -193.92 187.04
-0.03 -192.93 188.12
-1.17 -193.06 189.42

LGH
11.92 -184.11 192.17
9.19 -186.29 190.03
5.79 -188.5 189.07
1.87 -190.84 188.62
0.04 -191.77 188.97
-1.14 -192.12 190.

NGH
-5.12 -189.41 176.11
-2.82 -190.17 178.96
-1.18 -191.2 183.17
-0.61 -192.01 186.58
-0.93 -192.39 188.35
-1.63 -192.75 189.3

RCI
-18.56 -201.78 188.19
-12.85 -201.41 183.8
-8.01 -201.3 181.44
-3.14 -202.09 180.82
1.05 -202.75 181.24
4.8 -202.76 182.93
6.39 -202.31 186.27
6.97 -201.54 190.7
5.96 -200.7 196.53
3.93 -200.07 202.11
-0.26 -199.4 208.1

LCI
-0.32 -199.42 208.16
3.87 -198.31 203.5
7.23 -196.46 199.69
10.53 -193.4 195.87
12.37 -189.14 194.22
11.95 -184.32 192.18
7.03 -182.62 190.29
2.02 -181.79 190.34
-2.63 -180.75 191.44
-7.54 -180.35 194.45
-12.1 -181.31 198.69

NCI
-12.27 -181.31 198.94
-8.64 -180.62 194.15
-4.77 -181.42 188.03
-3.21 -183.52 182.36
-3.58 -186.1 178.8
-4.86 -189.64 176.29
-6.64 -193.99 176.43
-8.67 -197.16 178.88
-11.45 -199.43 181.93
-14.76 -200.76 185.04
-18.46 -201.78 188.13

RLS - closed
-1.23 -192.84 189.61
0.62 -192.69 187.72
3.83 -194.28 189.52
6.3 -196.47 193.59
6.45 -198.2 198.25
4.42 -199.07 202.31
1.99 -199.48 205.4
-0.33 -199.75 208.05
-0.19 -197.45 201.56
-0.24 -195.53 196.26
-0.9 -193.8 192.01

RNS - closed
-1.41 -192.63 189.42
0.14 -192.47 187.86
-1.08 -194.32 184.9
-3.92 -196.83 182.37
-7.56 -199.07 181.46
-11.16 -200.66 182.11
-14.4 -201.44 184.27
-16.63 -201.81 186.15
-18.57 -202. 188.11
-14.18 -199.78 188.03
-6.85 -195.79 188.54
-3.68 -193.99 188.95

LNS - closed
-0.82 -192. 189.53
0.59 -191.96 188.06
0.65 -188.98 187.54
-0.68 -184.65 188.26
-3.54 -181.44 190.72
-6.36 -180.2 193.45
-8.99 -180.26 196.17
-11.84 -180.81 199.2
-7.78 -184.43 195.55
-4.79 -187.09 192.87
-2.05 -190.29 190.53

