n109

R
12.7026 -173.427 243.107

L
19.1616 -160.113 250.792

N
5.2768 -159.445 232.696

RLC
6.6126 -170.166 262.261

RNC
-10.3439 -170.469 245.255

LNC
-3.5958 -150.737 254.319

BR - closed
14.28 -154.19 242.78
16.8 -155.01 246.1
18.91 -157.11 248.95
19.97 -160.58 250.52
20.01 -164.49 250.78
19.45 -166.95 250.19
17.36 -170.29 247.65
15.82 -172.12 245.74
13.66 -173.37 243.
10.91 -173.5 239.43
8.36 -172.46 236.05
6.91 -171.12 234.1
5.13 -167.86 231.61
4.84 -163.96 231.03
5.63 -160.22 231.85
7.48 -156.74 234.06
9.91 -154.46 237.11
12.27 -154. 240.15

RGH
12.79 -173.56 243.36
12.39 -170.47 243.25
10.17 -167.02 244.49
8.91 -164.43 245.1
7.87 -163.68 245.79
6.54 -163.7 246.82

LGH
19.17 -160.21 250.85
17.04 -160.95 249.03
13.54 -161.79 247.69
9.65 -162.66 246.44
8.38 -162.88 246.34
6.87 -162.9 247.23

NGH
5.19 -159.51 232.72
6.4 -160.36 235.62
6.97 -161.34 239.77
7.87 -162.29 243.41
7.86 -162.65 245.14
6.22 -162.63 246.46

RCI
-10.21 -170.44 245.26
-5.05 -170.12 240.52
-0.15 -170.36 239.37
4.42 -171.41 238.83
7.96 -172.67 239.6
12.65 -173.15 243.11
14.45 -172.16 247.43
13.75 -171.39 251.66
11.07 -171.25 256.28
6.6 -170.12 262.1

LCI
6.49 -170.08 262.26
11.8 -169.25 257.65
15.6 -167.3 254.83
18.28 -164.47 252.26
19.29 -160.1 250.96
16.43 -156.37 249.24
11.84 -153.33 248.57
7.94 -151.82 248.85
2.42 -150.18 250.58
-3.54 -150.8 254.34

NCI
-3.66 -150.79 254.34
1.29 -150.38 250.06
5.62 -151.37 245.2
7.31 -153.38 239.82
7.04 -156.07 235.84
5.33 -159.39 232.81
2.65 -163.72 232.72
0.25 -166.65 235.8
-1.49 -168.07 238.27
-6.09 -169.5 240.26
-10.31 -170.32 245.28

RLS - closed
6.52 -162.87 246.88
8.71 -162.9 245.08
10.88 -164.99 247.32
13.01 -167.67 250.76
13.24 -169.43 254.
11.52 -170.42 257.42
8.83 -170.65 260.14
6.66 -170.65 261.98
6.68 -168.53 257.83
6.75 -166.17 253.14
6.81 -164.29 249.41

RNS - closed
6.21 -162.92 245.7
8.32 -163.08 243.97
7.66 -164.58 241.98
4.95 -167.07 239.81
2.02 -168.86 238.93
-1.79 -170.01 239.73
-5.23 -170.45 241.42
-8.21 -170.46 243.49
-10.4 -170.4 245.13
-6.64 -168.8 245.1
-1.27 -166.42 245.23
2.52 -164.79 245.24

LNS - closed
6.15 -162.46 246.38
8. -162.27 244.98
8. -158.12 245.18
6.71 -152.91 246.42
4.63 -151.03 248.1
1.34 -150.11 250.68
-1.48 -150.46 252.82
-3.53 -150.69 254.38
-1.68 -152.87 252.85
1.59 -156.75 250.16
3.95 -159.84 248.2

