n110

R
22.7489 -194.5 -205.811

L
27.477 -176.265 -199.113

N
12.6314 -180.052 -212.689

RLC
19.3958 -189.268 -184.31

RNC
0.7427 -194.094 -201.362

LNC
6.4106 -171.676 -196.188

BR - closed
12.89 -179.8 -212.76
14.85 -176.05 -210.52
17.76 -172.86 -207.51
21.91 -173.13 -203.9
25.75 -174.94 -200.78
28.96 -178.63 -198.48
30.39 -183.77 -197.93
29.76 -189.55 -199.3
26.48 -193.48 -202.72
21.36 -194.75 -207.41
17.91 -193.72 -210.29
14.03 -189.66 -213.13
12.29 -185.62 -214.1

RGH
23.19 -194.45 -205.5
21.61 -191.68 -204.48
19.29 -188.59 -202.75
17.31 -185.4 -201.41
16.17 -184.06 -200.51
14.8 -184.03 -199.11

LGH
27.57 -176.62 -199.11
25.09 -178.65 -200.38
21.76 -180.7 -200.57
18.31 -182.82 -200.74
16.85 -183.52 -200.38
15.23 -183.7 -198.6

NGH
12.62 -180.12 -212.89
14.11 -181.22 -209.95
14.33 -182.31 -206.24
15.46 -183.34 -203.27
15.18 -183.63 -202.11
13.86 -183.83 -200.56

RCI
0.77 -194.22 -201.3
7.05 -193.58 -206.1
12.75 -193.55 -207.47
18.17 -194.32 -207.72
22.8 -194.58 -206.05
24.77 -193.52 -201.71
24.76 -192.14 -197.34
23.79 -191.5 -192.71
19.53 -189.34 -184.46

LCI
19.42 -189.23 -184.31
23.97 -188.91 -189.84
27.75 -186.09 -194.7
28.79 -181.36 -197.08
27.32 -176.32 -199.53
23.95 -174.33 -202.04
18.87 -172.9 -202.25
13.13 -171.73 -200.1
6.47 -171.67 -196.23

NCI
6.48 -171.64 -196.01
10.61 -172.04 -201.33
13.88 -173.88 -205.73
14.64 -176.16 -210.67
12.82 -180.34 -212.86
11.42 -184.74 -213.23
10.06 -188.38 -210.67
6.34 -191.85 -207.07
0.83 -194.03 -201.52

RLS - closed
15.47 -183.74 -199.93
17.27 -183.72 -201.48
19.07 -184.42 -200.79
22.87 -187.05 -195.67
23.52 -188.42 -191.89
22.75 -189.11 -189.1
21.33 -189.37 -187.11
19.42 -189.63 -184.71
18.65 -188.8 -186.67
18.02 -187.47 -190.33
17.53 -185.96 -194.68
16.5 -184.58 -198.16
16.11 -184.19 -199.07

RNS - closed
15.99 -183.73 -202.86
14.48 -186.16 -204.83
12.31 -188.8 -206.43
9.65 -190.79 -206.55
7.31 -192.18 -206.15
4.9 -193.05 -204.89
2.4 -193.56 -203.03
1.01 -193.73 -201.83
3.11 -192.52 -202.26
5.68 -190.93 -202.63
8.81 -188.86 -202.86
11.24 -186.85 -202.46
13.08 -185.01 -201.7
14.16 -183.95 -201.29
15.16 -183.55 -201.75

LNS - closed
15.38 -183.39 -200.76
16.36 -182.72 -201.91
16.18 -179.72 -202.63
14.99 -176.15 -202.55
13.81 -173.98 -202.07
11.84 -172.26 -200.69
9.99 -171.67 -199.09
8.1 -171.5 -197.33
6.93 -171.51 -196.2
7.63 -172.51 -196.58
9.31 -174.92 -197.47
11.28 -177.52 -198.58
12.98 -180.08 -199.45
14.22 -181.99 -200.07
14.73 -183.16 -200.21

