n124

R
28.4048 -174.281 75.2424

L
37.4048 -161.015 82.1383

N
24.7077 -154.874 67.4293

RLC
24.9167 -170.168 95.0112

RNC
7.6806 -162.765 78.9279

LNC
19.3225 -148.524 85.3702

BR - closed
36.1 -155.29 78.75
37.1 -159.12 80.58
38.32 -162.78 82.61
38.35 -166.45 83.38
36.66 -170.16 82.33
33.9 -173.4 80.04
30.26 -174.34 76.36
26.67 -173.48 72.38
23.6 -170.94 68.61
22.08 -166.4 66.09
21.33 -160.81 64.18
22.61 -157.34 64.83
24.56 -155.36 66.51
27.58 -153.24 69.29
30.78 -152.64 72.57
33.5 -152.66 75.46

RGH
28.27 -174.38 75.24
27.66 -171.31 75.99
26.36 -167.64 77.38
25.83 -164.61 78.06
25.45 -162.93 78.51
24.23 -162.37 79.63

LGH
37.31 -161.14 82.19
35.77 -161.39 80.78
32.39 -161.33 80.77
28.66 -161.4 80.09
26.77 -161.42 79.82
25.3 -161.23 80.62

NGH
24.69 -154.92 67.47
24.89 -156.19 69.49
24.61 -157.47 72.11
24.53 -159.19 75.27
24.71 -160.52 77.42
23.83 -160.8 79.01

RCI
7.77 -162.71 78.97
12.91 -164.18 73.01
16.38 -166.58 71.01
20.74 -169.73 71.
24.44 -172.43 72.42
28.34 -173.96 75.25
30.09 -174.09 78.7
30.19 -174.03 82.58
29.56 -173.25 86.35
28.4 -172.23 89.43
24.95 -170.24 94.9

LCI
24.84 -170.18 95.07
30.49 -169.04 89.86
34.71 -167.51 86.98
37.23 -164.6 84.23
37.72 -161.07 82.42
35.74 -157.41 80.27
32.7 -154.56 79.17
28.5 -151.86 79.14
24.34 -150.76 80.98
19.27 -148.69 85.46

NCI
19.3 -148.72 85.39
23.91 -150.8 80.12
25.85 -151.47 76.13
26.4 -152.96 72.33
26.08 -153.92 69.59
24.58 -155.5 67.53
21.69 -157.58 66.63
18.3 -160.37 68.34
15.18 -161.95 70.87
12.2 -162.57 73.96
7.67 -162.7 79.04

RLS - closed
24.57 -162.04 79.72
26.3 -162.17 78.27
28.56 -165.02 81.23
29.58 -167.74 85.16
28.92 -169.69 89.35
27.02 -170.57 92.78
24.94 -170.48 94.66
25.83 -169.01 91.12
26.04 -166.91 87.12
25.52 -164.32 82.93
25.17 -162.95 80.79

RNS - closed
24.56 -161.21 80.48
26.39 -161.49 78.98
24.55 -162.25 76.39
21.25 -163.06 73.89
18.26 -163.43 73.03
14.1 -163.48 73.69
11.17 -163.19 75.43
9.62 -162.87 77.
7.8 -162.48 78.91
12.14 -162.39 78.34
17.87 -162.15 78.14
20.68 -161.95 78.33
23.28 -161.51 79.56

LNS - closed
25.32 -160.84 80.04
26.6 -161.05 78.83
26.64 -157.95 78.87
26.63 -154.34 78.97
25.95 -151.41 79.69
23.83 -149.84 81.71
21.85 -149.21 83.59
19.68 -148.71 85.64
22.2 -152.51 83.17
24.04 -155.6 81.37
25.19 -158.64 80.22

