n106

R
3.0697 -212.825 1230.84

L
7.9914 -192.056 1240.83

N
-3.8896 -196.283 1217.74

RLC
-8.4517 -205.108 1252.7

RNC
-25.2868 -207.323 1228.57

LNC
-17.7092 -184.884 1237.4

BR - closed
2.28 -187.49 1229.87
5.29 -188.11 1235.69
7.6 -190.99 1240.1
8.82 -196.11 1242.34
8.71 -200.64 1242.04
7.03 -206.43 1238.66
4.1 -211.62 1232.86
0.94 -212.51 1226.72
-2.42 -209.07 1220.29
-4.17 -203.06 1217.04
-3.78 -196.45 1217.95
-1.43 -189.77 1222.63

RGH
3.03 -212.83 1230.83
1.4 -210.02 1231.39
-0.95 -206.23 1232.22
-3.03 -202.95 1232.96
-4.33 -201.35 1233.46
-5.96 -201.11 1234.21

LGH
7.75 -192.01 1240.81
5.01 -194.04 1238.92
0.93 -196.4 1237.18
-1.87 -198.37 1235.42
-3.79 -199.67 1234.3
-5.52 -200. 1234.62

NGH
-3.83 -196.47 1217.8
-4.75 -197.25 1221.74
-5.37 -198.29 1226.79
-4.84 -199.19 1230.73
-4.99 -199.56 1232.49
-6.51 -199.61 1233.33

RCI
-25.16 -207.32 1228.52
-17.76 -208.78 1223.86
-12.24 -209.54 1223.4
-5.61 -210.54 1224.92
-1.47 -212.24 1227.02
3.07 -212.41 1230.69
3.75 -210.41 1235.84
1.73 -209.95 1241.24
-1.15 -209.27 1246.41
-4.06 -207.26 1248.73
-8.43 -205.1 1252.86

LCI
-8.41 -205.14 1252.84
-2.23 -204.34 1249.42
1.77 -202.55 1247.48
4.86 -199.97 1244.62
7.49 -195.91 1242.43
7.95 -192.09 1240.76
4.45 -189.06 1237.07
-0.13 -187.36 1234.92
-5.51 -185.83 1234.27
-10.52 -184.74 1234.93
-17.61 -184.76 1237.29

NCI
-17.61 -184.75 1237.35
-12.61 -185.25 1233.72
-6.51 -187.49 1228.09
-3.63 -190.73 1222.72
-2.98 -193.28 1219.61
-3.71 -196.6 1217.72
-5.46 -200.85 1217.36
-8.5 -204.11 1219.45
-12.57 -206.54 1221.52
-18.15 -207.96 1223.64
-25.22 -207.37 1228.57

RLS - closed
-6.35 -200.09 1233.99
-4.17 -200.06 1232.87
-2.29 -200.78 1234.65
-0.41 -202.31 1239.41
-0.04 -203.67 1244.27
-1.74 -204.62 1248.59
-4.58 -204.84 1250.75
-8.17 -204.95 1252.83
-7.08 -203.85 1248.25
-6.97 -202.23 1242.23
-6.78 -201.24 1238.46
-6.91 -200.4 1235.43

RNS - closed
-6.21 -199.83 1233.97
-4.05 -199.95 1232.53
-5.91 -202.13 1228.64
-9.19 -204.54 1225.
-12.35 -206.06 1223.31
-16.07 -207.16 1222.85
-20.15 -207.49 1224.33
-23.14 -207.22 1226.56
-25.16 -206.84 1228.5
-19.95 -204.74 1230.4
-12.79 -202.33 1231.93
-8.69 -200.85 1233.03

LNS - closed
-6.19 -199.29 1233.66
-3.85 -199.31 1232.46
-3.69 -196.28 1231.94
-6.11 -190.94 1232.41
-9.29 -187.42 1233.54
-11.88 -185.21 1234.54
-14.45 -184.41 1235.76
-17.59 -185.02 1237.46
-14.28 -188.94 1236.33
-10.78 -192.97 1235.11
-8.15 -195.97 1234.19

