n102

R
19.397 -164.53 -140.382

L
24.0534 -147.649 -134.24

N
7.9584 -150.452 -147.748

RLC
16.5871 -159.917 -121.212

RNC
0.6632 -164.916 -133.768

LNC
4.3776 -145.861 -126.901

BR - closed
7.6 -155.53 -148.56
8.85 -148.81 -146.6
13.08 -145.21 -142.66
17.59 -144.94 -138.94
21.66 -146.13 -135.79
24.76 -149.24 -133.7
25.22 -153.98 -133.98
24.24 -159.16 -135.5
21.01 -163.16 -138.69
16.38 -164.46 -142.64
12.09 -163.33 -145.99
8.65 -159.73 -148.29

RGH
19.33 -164.56 -140.41
18.14 -161.73 -139.42
16.71 -159.45 -138.05
16.17 -157.21 -137.75
15.3 -155.81 -136.92
14.11 -155.69 -135.47
13.27 -155.91 -134.41

LGH
24.05 -147.64 -134.21
22. -149.15 -134.64
19.17 -151.3 -135.4
16.75 -153.09 -135.91
14.99 -154.04 -135.18
13.58 -154.45 -133.53

NGH
8.05 -150.42 -147.63
9.77 -151.41 -145.26
11.74 -152.69 -142.07
13.64 -153.96 -138.87
13.85 -154.6 -136.94
12.44 -155.04 -134.89

RCI
0.72 -164.81 -133.66
5.26 -164.53 -139.06
9.33 -164.38 -141.6
14.23 -164.46 -142.51
19.16 -164.14 -140.67
21.64 -162.27 -137.08
21.3 -161.44 -132.32
19.82 -161.66 -126.55
16.4 -159.88 -121.16

LCI
16.34 -159.84 -121.01
20.03 -158.18 -125.39
22.19 -156.24 -129.15
23.66 -153.94 -131.78
24.58 -151.6 -133.07
24.07 -148.17 -134.32
20.16 -146.36 -135.12
16.15 -145.74 -134.89
11.31 -145.05 -133.46
4.61 -146.2 -126.88

NCI
4.35 -146.27 -126.61
7.01 -145.11 -130.96
8.95 -145.04 -134.87
9.66 -145.81 -138.17
9.69 -146.71 -141.89
8.79 -148.17 -145.52
8.1 -150.36 -147.47
7.25 -154.31 -147.64
6.55 -157.33 -146.2
5.74 -160.01 -143.59
4.18 -162.45 -140.18
0.82 -164.75 -133.77

RLS - closed
15.58 -155.1 -136.06
17.87 -156.08 -134.4
19.91 -157.28 -131.89
20.68 -158.55 -128.28
19.97 -159.26 -125.51
18.36 -159.61 -123.28
16.71 -159.84 -121.43
16.6 -159.14 -123.62
15.98 -158.07 -126.69
15. -156.91 -129.79
13.73 -155.87 -132.32
13.07 -155.29 -133.74
14.23 -155.13 -135.04
15.01 -154.95 -136.17

RNS - closed
13.4 -155.14 -134.69
14.82 -154.83 -136.31
14.41 -156.13 -138.29
12.55 -158.41 -139.98
10.25 -160.56 -140.73
8.18 -162.21 -140.81
5.96 -163.57 -140.06
4.17 -164.12 -138.37
2.08 -164.57 -136.
0.77 -164.71 -134.22
2.37 -163.46 -134.21
4.51 -161.9 -134.41
7.07 -160.04 -134.67
9.21 -158.52 -134.95
11.08 -157.12 -135.06

LNS - closed
14.79 -153.79 -136.85
13.95 -150.8 -137.01
11.92 -147.11 -136.07
9.47 -144.93 -134.05
7.86 -144.92 -132.18
5.81 -145.24 -129.68
4.12 -145.93 -127.45
5.85 -147.46 -128.89
7.99 -149.37 -130.64
10.47 -151.88 -132.56
12.13 -153.76 -133.77
12.87 -154.6 -134.31
13.8 -154.41 -135.47
14.69 -154.18 -136.59

