n113

R
6.186 -162.959 1241.84

L
10.4922 -146.816 1245.87

N
-4.2025 -147.944 1234.16

RLC
1.7074 -158.759 1260.59

RNC
-16.1773 -160.545 1246.69

LNC
-9.9177 -142.266 1251.04

BR - closed
4.13 -143.45 1240.24
7.66 -144.59 1243.
10.94 -146.93 1245.52
12.56 -150.92 1246.66
12.16 -155.28 1246.17
10.67 -158.17 1244.88
7.93 -161.73 1242.57
3.4 -162.01 1238.96
-0.14 -160.13 1236.22
-3.37 -156.4 1233.8
-4.75 -152.21 1232.86
-3.97 -147.69 1233.65
-1.7 -144.43 1235.58
1.56 -143.32 1238.21

RGH
6.21 -163.03 1242.04
5.12 -160.45 1242.06
2.98 -157.77 1243.31
0.99 -154.88 1244.26
-0.23 -153.88 1245.24
-1.23 -153.94 1246.47

LGH
10.39 -146.93 1245.92
7.71 -148.71 1245.19
4.94 -150.49 1244.56
2.46 -151.88 1244.55
0.71 -152.71 1244.94
-0.37 -153.09 1245.54
-1.36 -153.2 1246.7

NGH
-4.25 -147.94 1234.31
-2.87 -149.24 1236.7
-1.84 -150.64 1239.71
-0.86 -152.11 1242.97
-0.97 -152.66 1244.69
-2.05 -152.81 1246.21

RCI
-16.18 -160.48 1246.76
-9.04 -159.96 1241.22
-4.46 -160.17 1240.23
-0.66 -161.57 1239.85
2.81 -162.53 1240.12
6.23 -162.54 1242.03
7.62 -160.7 1245.73
6.97 -160.42 1250.51
5.04 -159.49 1255.15
1.74 -158.79 1260.6

LCI
1.7 -158.76 1260.67
6.41 -157.46 1255.18
8.96 -154.77 1251.3
10.53 -151.71 1248.97
10.11 -147.4 1245.77
6.07 -145.22 1244.59
1.27 -143.82 1244.7
-3.67 -142.33 1246.15
-9.73 -142.28 1251.05

NCI
-9.93 -142.34 1251.06
-5.84 -142.74 1245.7
-3.42 -143.4 1241.98
-2.37 -144.63 1238.38
-2.91 -146.18 1235.95
-4.07 -148.18 1234.56
-5.16 -151.07 1234.81
-6.5 -154.43 1236.98
-10.2 -158.23 1241.04
-16.08 -160.51 1246.67

RLS - closed
-1.84 -153.56 1246.65
0.16 -153.46 1244.09
3.19 -154.98 1245.79
5.22 -156.39 1248.21
6.23 -157.9 1252.07
5.18 -158.7 1255.89
3.96 -158.9 1257.87
1.59 -158.95 1260.65
1.18 -157.54 1256.44
-0.47 -155.33 1250.99
-1.25 -154.29 1248.39

RNS - closed
-1.73 -153.14 1246.36
-0.07 -153.03 1244.35
-1.37 -154.35 1242.56
-4.33 -156.51 1240.78
-7.23 -158.11 1240.43
-10.34 -159.33 1241.42
-13.76 -160.26 1243.65
-15.3 -160.36 1245.52
-16.11 -160.41 1246.5
-12.46 -158.67 1246.18
-8.54 -156.72 1246.05
-4.12 -154.48 1246.03

LNS - closed
-2.39 -153.05 1246.49
-0.19 -152.95 1243.72
-0.34 -150.42 1242.8
-1.82 -146.15 1242.73
-3.53 -143.48 1243.67
-6.16 -142.36 1246.42
-8.37 -142.11 1249.05
-9.92 -142.35 1251.08
-8.08 -144.6 1249.79
-5.47 -147.97 1248.06
-3.46 -150.98 1246.9

