n116

R
27.365 -165.68 31.7246

L
31.7154 -146.452 38.0584

N
14.7929 -151.418 25.0085

RLC
22.6076 -159.028 53.5609

RNC
6.4947 -164.674 38.5751

LNC
10.127 -145.749 43.3179

BR - closed
23.16 -145.44 31.17
27.7 -145.3 34.47
31.58 -146.12 37.15
35.11 -147.41 39.48
35.62 -151.65 39.15
34.98 -156.54 37.87
32.84 -160.82 35.61
29.48 -164.8 32.52
25.19 -165.56 29.3
20.37 -163.81 26.1
15.86 -158.9 23.66
15.01 -152.93 24.04
17.53 -147.25 26.8

RGH
27.37 -165.63 31.9
26.86 -163.48 31.69
25. -160.63 32.92
23.15 -157.12 33.86
21.71 -155.73 35.14
19.87 -156.1 37.61

LGH
31.55 -146.24 38.07
29.45 -148.04 37.41
26.95 -149.95 37.21
24.15 -152.55 35.77
22.26 -154.1 35.37
21.06 -154.5 36.65
19.73 -154.73 38.66

NGH
14.85 -151.47 25.01
16.79 -152.19 26.84
18.97 -153.15 29.47
20.77 -154.13 32.35
20.81 -154.64 34.27
19.25 -154.98 36.3

RCI
6.53 -164.64 38.5
11.03 -164.37 33.39
15.41 -164.32 30.28
19.82 -165.04 29.21
24.31 -165.61 29.85
27.15 -165.29 31.64
29.66 -163.86 35.76
29.7 -162.09 39.69
28.93 -160.46 44.44
26.53 -159.16 48.39
22.54 -159. 53.39

LCI
22.48 -159.08 53.4
25.61 -158.24 49.99
29.85 -155.72 46.06
31.85 -153.49 42.92
33.34 -150.43 40.89
31.59 -146.45 37.94
27.27 -145.32 37.06
22.34 -144.75 36.99
18.26 -144.37 37.69
13.69 -144.63 40.06
10.39 -145.96 43.35

NCI
10.38 -145.94 43.43
13.41 -145.31 38.9
16.84 -146.07 33.39
16.65 -148. 27.92
14.94 -151.38 25.02
14.23 -156.06 24.98
13.42 -159.67 27.39
11.05 -162.64 31.72
6.54 -164.7 38.54

RLS - closed
19.66 -154.83 37.55
22.26 -154.29 34.22
24.6 -155.08 36.5
26.57 -156.05 39.65
27.83 -157.07 43.34
27.8 -157.83 46.53
25.82 -158.45 49.97
24.23 -158.76 51.91
22.63 -158.94 53.34
22.61 -157.99 49.43
22.16 -156.87 44.97
21.67 -156.07 41.87
20.8 -155.33 39.14

RNS - closed
20.23 -154.37 37.83
22.39 -153.95 34.63
21.68 -154.98 33.22
19.66 -157.13 31.4
17.32 -159.27 30.21
15.02 -161.12 29.75
12.12 -162.74 31.18
9.43 -163.51 34.48
7.54 -164.12 36.61
6.41 -164.33 38.31
8.22 -163.1 38.05
11.49 -161.02 37.16
14.71 -158.85 36.64
17.31 -156.83 36.96
19.31 -155.15 37.57

LNS - closed
19.61 -154.89 37.43
22.12 -154.26 33.92
21.29 -152. 33.63
19.32 -148.47 34.03
17.34 -145.9 34.99
15.23 -144.73 36.94
13.81 -144.74 38.72
12.39 -145.01 40.66
10.71 -145.66 43.14
12.69 -147.28 41.62
15.66 -150.11 39.56
17.91 -152.35 38.07
19.11 -154.1 37.6

