n123

R
19.9007 -153.398 1416.2

L
25.7475 -139.999 1424.44

N
10.4813 -137.645 1410.53

RLC
13.9766 -151.822 1435.63

RNC
-0.0201 -152.806 1421.22

LNC
5.3041 -136.416 1430.05

BR - closed
18.68 -135.27 1418.39
22.78 -136.95 1421.91
26.2 -140.75 1424.37
26.77 -145.71 1423.89
24.84 -150.36 1421.13
21.38 -152.82 1417.36
17.83 -153.37 1413.91
13.67 -150.44 1410.59
10.5 -146.45 1408.41
9.21 -141.82 1408.14
10.69 -137.89 1410.33
14.36 -135.29 1414.31

RGH
20.01 -153.45 1416.33
18.52 -151.25 1417.72
17.04 -148.82 1419.1
15.76 -145.97 1420.25
15.05 -145.23 1420.93
14.06 -145.37 1421.94

LGH
25.66 -139.9 1424.49
23.33 -141.03 1423.38
20.4 -142.46 1421.92
17.76 -143.71 1420.94
15.8 -144.5 1421.
14.1 -145.03 1422.06

NGH
10.46 -137.8 1410.51
11.55 -139.29 1412.54
12.65 -140.89 1414.76
13.67 -142.17 1416.48
14.41 -143.32 1418.1
14.86 -144.39 1419.76
13.67 -145.05 1421.65

RCI
-0.02 -152.86 1421.26
5.07 -151.97 1416.75
9.41 -152.2 1414.95
13.92 -153.21 1414.33
17.39 -153.4 1414.64
20.45 -153.27 1416.72
21.53 -153.18 1419.7
21.3 -153.14 1423.43
19.66 -152.82 1427.56
17.66 -152.34 1431.2
14.05 -151.83 1435.54

LCI
13.95 -151.8 1435.68
18.34 -151.18 1431.81
22.01 -149.66 1428.46
24.89 -146.64 1426.08
26.15 -142.95 1424.97
25.68 -139.95 1424.45
21.88 -137.8 1423.26
18.36 -136.4 1423.06
14.45 -135.09 1423.64
10.83 -134.78 1425.01
8.22 -135.2 1427.16
5.36 -136.41 1430.05

NCI
5.33 -136.42 1429.98
9.18 -135.16 1425.1
11.54 -135.03 1420.11
12.23 -135.9 1414.48
10.48 -137.88 1410.54
8.45 -141.05 1409.67
6.99 -145.41 1411.24
5.12 -148.93 1414.64
2.78 -151.08 1417.77
-0.04 -152.77 1421.23

RLS - closed
16.28 -144.86 1420.18
18.29 -146.54 1422.04
20.24 -148.9 1425.21
20.15 -150.65 1428.57
18.69 -151.45 1431.05
15.83 -151.9 1433.75
14.02 -152.11 1435.35
14.63 -150.7 1432.27
14.68 -148.71 1428.49
14.55 -146.97 1425.29
14.35 -145.59 1422.82
14.31 -145.18 1422.07

RNS - closed
14.19 -145.15 1421.59
15.41 -144.93 1420.16
14.61 -145.9 1417.97
12.52 -147.53 1415.66
8.77 -149.62 1414.77
5.98 -150.91 1415.09
2.7 -151.78 1417.96
-0.16 -152.38 1421.06
3.34 -150.76 1420.67
7.63 -148.61 1420.77
11.26 -146.76 1420.98

LNS - closed
14.28 -144.91 1421.73
15.64 -144.62 1420.29
15.56 -142.39 1420.15
14.67 -138.77 1420.71
12.71 -136.04 1422.49
10.26 -134.96 1424.92
7.59 -135.32 1427.74
5.5 -136.36 1430.01
7.73 -137.97 1427.85
10.17 -139.96 1425.51
12.22 -141.77 1423.56
13.61 -143.4 1422.28

