n14

R
10.9731 -212.155 -28.2916

L
19.3768 -191.592 -20.2813

N
1.763 -194.775 -38.1959

RLC
7.3559 -206.137 -6.5617

RNC
-14.4306 -208.353 -22.3818

LNC
-4.9999 -185.313 -16.9722

BR - closed
8.27 -188.67 -32.29
13.92 -187.24 -26.55
17.92 -189.07 -22.42
19.79 -193.18 -20.38
20.36 -198.36 -19.65
19.38 -203.63 -20.51
17.31 -208.51 -22.49
13.55 -211.39 -26.25
8.38 -212.36 -31.5
3.31 -210.52 -36.75
-0.04 -205.44 -40.31
0.22 -200.12 -40.19
3.08 -193.65 -37.46

RGH
10.92 -212.17 -28.26
9.91 -208.97 -27.63
8.13 -205.67 -26.29
6.99 -202.41 -25.55
5.72 -201.12 -24.49
3.66 -200.83 -22.6

LGH
19.37 -191.55 -20.33
17.16 -193.67 -22.46
12.61 -196.31 -23.49
8.49 -198.55 -24.13
5.86 -199.42 -23.45
4.29 -199.38 -21.96

NGH
1.66 -194.74 -38.06
2.58 -196.02 -34.72
3.32 -197.4 -30.87
4.29 -198.81 -27.15
4.48 -199.51 -25.02
3.11 -199.75 -22.85

RCI
-14.25 -208.35 -22.2
-9.06 -209.2 -27.76
-4.72 -210.34 -30.49
1.14 -211.24 -31.56
5.15 -212.17 -31.65
11.08 -212.19 -28.5
13.57 -210.81 -23.48
13.55 -208.82 -18.5
11.58 -207.79 -13.53
7.4 -206.16 -6.77

LCI
7.4 -206.16 -6.56
9.75 -206.26 -10.05
13.23 -205.79 -13.25
15.93 -203.43 -16.61
18.6 -199.76 -18.31
19.16 -195.01 -19.83
19.19 -191.86 -20.34
15.75 -189.16 -22.63
11.68 -188.05 -23.7
7.04 -186.25 -24.19
2.02 -185.02 -22.85
-4.94 -185.43 -16.94

NCI
-5.17 -185.47 -16.81
-0.13 -185.3 -23.
3.27 -187.71 -28.08
4.19 -190.72 -33.87
1.83 -195.3 -38.05
-1.27 -199.79 -38.51
-3.97 -204.28 -35.87
-7.46 -207.52 -31.09
-10.27 -208.35 -27.19
-14.24 -208.25 -22.23

RLS - closed
7.11 -200.76 -25.7
9.38 -202.15 -23.21
11.19 -203.83 -19.17
11.72 -204.85 -16.1
11.15 -205.86 -11.89
9.12 -206.03 -9.11
7.25 -206.16 -6.61
6.88 -204.78 -11.15
6.39 -203.48 -15.24
5.54 -202.27 -18.65
4.11 -200.73 -22.58

RNS - closed
2.93 -199.79 -23.61
5.58 -199.9 -26.27
1.29 -203.2 -28.1
-3.21 -206.32 -29.42
-8.59 -208.31 -27.95
-11.71 -208.49 -25.36
-14.39 -208.27 -22.49
-9.78 -206.21 -23.13
-3.02 -202.82 -23.42
0.8 -200.94 -23.65

LNS - closed
3.3 -199.91 -22.7
6.71 -199.97 -26.04
6.01 -195.27 -25.97
4.49 -190.56 -25.1
1.82 -187.29 -22.91
-1.01 -185.61 -20.36
-4.67 -185.37 -16.79
-1.52 -189.41 -19.36
1.32 -194.71 -21.44

