n120

R
15.3902 -193.443 -243.949

L
20.6027 -171.89 -238.342

N
3.8327 -177.47 -254.07

RLC
10.9812 -185.832 -220.506

RNC
-9.7189 -189.504 -237.144

LNC
-1.7201 -168.214 -233.74

BR - closed
13.3 -171.58 -245.03
18.42 -170.83 -240.25
22.03 -172.04 -236.96
24.67 -176.94 -234.69
24.17 -183.36 -235.39
21.19 -189.15 -238.36
17.06 -192.6 -242.31
12.61 -193.71 -246.46
8.62 -192.49 -250.11
5.83 -188.84 -252.57
3.44 -183.84 -254.6
3.25 -178.63 -254.58
6.02 -174.55 -251.87
9.7 -172.53 -248.39

RGH
15.47 -193.4 -243.91
13.62 -189.75 -242.72
11.87 -185.9 -241.71
10.74 -182.23 -241.35
9.55 -180.39 -240.47
7.4 -180.25 -238.08

LGH
20.38 -171.87 -238.36
18.28 -173.73 -239.34
15.36 -176.16 -240.44
12.08 -178.37 -240.71
9.76 -179.45 -239.97
7.81 -179.7 -238.12

NGH
3.8 -177.37 -253.99
5.17 -178.01 -250.7
6.77 -178.81 -246.58
8.44 -179.58 -242.61
8.36 -179.93 -240.1
7.01 -179.99 -238.42

RCI
-9.76 -189.59 -237.13
-5.66 -190.61 -242.59
0.91 -191.95 -246.1
6.89 -193.54 -246.44
11.21 -194.15 -246.11
15.19 -193.48 -243.97
17.82 -192.16 -240.1
18.02 -189.91 -236.31
16.84 -188.32 -231.09
14.99 -187.54 -226.66
10.93 -185.77 -220.57

LCI
10.9 -185.81 -220.55
14.72 -184.45 -224.62
18.11 -181.62 -229.1
21.56 -178.09 -232.43
22.58 -174.76 -234.94
20.23 -172.07 -238.61
16.18 -171.37 -240.92
10.71 -170.57 -241.62
5.93 -168.96 -240.77
1.86 -167.52 -237.74
-1.64 -168.31 -233.81

NCI
-1.74 -168.28 -233.68
1.18 -168.2 -238.65
4.46 -170.48 -244.36
5.85 -174.34 -250.09
4.13 -178.01 -253.8
2.22 -182.56 -253.04
-0.31 -187.06 -249.5
-3.2 -189.09 -245.87
-6.77 -189.77 -242.03
-9.76 -189.56 -237.19

RLS - closed
9.32 -180.93 -241.05
12.34 -181.97 -239.37
15.38 -183.29 -236.53
16.99 -184.63 -232.3
16.27 -185.61 -227.47
14.37 -186.02 -224.02
12.59 -186.12 -221.94
11.3 -186.09 -220.92
10.88 -185.31 -223.86
9.85 -184.04 -228.28
9.57 -183.29 -231.23
8.37 -182.12 -235.09
7.64 -181.46 -237.25
6.63 -180.86 -238.89
8.2 -180.83 -240.44

RNS - closed
6.93 -179.9 -239.07
8.53 -179.84 -240.81
7.8 -181.7 -243.42
5.46 -184.21 -245.39
0.62 -187.65 -246.2
-2.48 -189.06 -245.24
-6.43 -189.64 -241.75
-9.51 -189.34 -237.65
-5.84 -187.39 -238.26
-1.44 -184.93 -238.76
2.19 -182.79 -238.98
4.84 -181.14 -238.97

LNS - closed
7.87 -179.78 -238.41
9.63 -179.76 -240.29
9.88 -177.62 -241.48
8.77 -173.95 -241.88
6.88 -170.31 -241.42
4.29 -168.17 -239.59
1.45 -167.26 -236.95
-0.19 -167.68 -235.04
-1.2 -168.28 -233.7
1.2 -170.68 -235.22
3.6 -173.69 -236.48
4.97 -175.42 -237.21
6.68 -177.79 -238.

