n101

R
12.3046 -160.501 195.138

L
19.2732 -149.176 203.437

N
6.7089 -142.256 190.922

RLC
8.7535 -160.036 213.511

RNC
-8.799 -155.357 200.99

LNC
2.9188 -139.445 211.57

BR - closed
12.22 -141.46 196.26
15.6 -142.22 199.72
18.09 -145.14 202.06
19.75 -149.67 203.39
19.96 -154.39 203.18
17.95 -157.98 200.76
14.36 -160.34 196.8
9.76 -160.04 192.02
6.51 -157.43 188.86
3.51 -152.96 186.12
2.88 -147.5 185.95
5.65 -143.59 189.19
9.09 -142.01 192.93

RGH
12.14 -160.62 195.07
11.06 -158.33 196.64
9.7 -155.37 198.64
8.88 -152.94 199.97
8.3 -152.26 200.71
7.07 -152.43 201.92

LGH
19.2 -149.15 203.4
16.61 -149.81 202.92
13.55 -150.57 202.48
10.85 -151.26 201.89
9.08 -151.69 201.98
7.78 -151.92 203.18

NGH
6.69 -142.41 190.76
7.71 -144.33 192.36
7.68 -146.65 195.25
7.39 -148.08 197.27
8.26 -150.24 199.28
8.06 -151.33 200.78
6.89 -151.61 202.03

RCI
-8.44 -155.25 201.34
-3.2 -155.08 195.47
0.49 -156.51 193.52
4.35 -158.16 192.82
9.49 -160.07 193.37
12.33 -160.31 195.19
13.46 -160.56 198.38
13.1 -160.26 203.19
11.96 -160.03 207.83
8.83 -159.96 213.45

LCI
8.71 -160.06 213.6
12.02 -159.02 210.31
14.88 -157.43 206.96
17.51 -155.31 204.98
18.89 -152.1 203.8
19.02 -149.36 203.34
17.24 -145.87 203.4
13.83 -143.43 203.72
9.86 -140.59 206.06
6.96 -139.78 208.12
2.97 -139.68 211.53

NCI
2.86 -139.65 211.56
6.01 -139.69 207.85
8.52 -139.95 202.74
9.5 -141.25 196.8
8.55 -141.92 193.23
6.89 -143.15 190.83
4.32 -144.54 189.5
1.53 -148.4 190.05
-1.5 -151.55 192.68
-4.03 -153.67 196.2
-8.25 -155.13 201.17

RLS - closed
7.28 -151.64 201.91
8.92 -151.54 200.36
10.51 -153.25 201.69
12.41 -155.64 203.85
13.56 -157.58 205.94
13.27 -159. 208.45
11.14 -159.55 211.14
8.9 -159.79 213.43
9.29 -158.57 211.17
9.21 -156.25 207.56
8.45 -154.11 204.82
7.71 -152.46 202.85

RNS - closed
9.16 -151.97 200.21
7.1 -152.59 197.61
5. -153.11 195.9
2.2 -153.65 195.06
-0.66 -154.12 195.
-3.47 -154.51 195.61
-6.21 -154.69 198.06
-7.77 -154.78 199.55
-8.67 -154.76 201.04
-7.04 -154.54 200.63
-3.84 -154.05 200.44
0.01 -153.42 200.49
4.36 -152.65 201.06
6.97 -152.15 201.86
8.32 -152.01 201.07

LNS - closed
9.06 -150.4 200.35
10.05 -148.1 200.54
10.18 -145.26 201.84
9.83 -143.04 203.3
8.72 -141.05 205.38
7.35 -139.72 207.39
5.16 -139.41 209.69
3.05 -139.63 211.65
4.25 -141.9 209.33
5.56 -145.24 206.38
6.67 -148.59 203.6
6.88 -150.92 202.22

