n13

R
16.2448 -198.792 1847.7

L
23.8494 -179.639 1861.48

N
11.5657 -176.872 1843.9

RLC
7.2627 -196.833 1870.74

RNC
-9.6649 -190.665 1851.01

LNC
2.5548 -172.364 1863.56

BR - closed
22.49 -177.65 1859.05
24.74 -180.87 1861.9
25.41 -184.85 1862.33
25.15 -189.67 1861.28
22.76 -193.88 1857.21
20.57 -196.95 1853.56
17.83 -198.65 1849.33
15.23 -198.83 1845.5
13.01 -195.32 1842.73
10.24 -189.38 1839.5
9.16 -185.04 1838.53
9.92 -180.42 1840.28
13.01 -176.93 1845.29
16.59 -176.33 1850.61
19.4 -176.27 1854.73

RGH
16.06 -198.85 1847.46
15.19 -195.42 1849.04
14.13 -191.55 1850.88
12.87 -188.1 1852.74
11.75 -186.88 1853.87
10.08 -186.71 1855.08

LGH
23.83 -179.82 1861.57
22.34 -181.06 1859.01
19.48 -182.39 1857.42
16.34 -183.76 1855.98
13.39 -185.01 1854.74
11.49 -185.59 1854.68
10.15 -185.75 1855.4

NGH
11.63 -176.96 1843.93
12.23 -179.54 1846.59
12.54 -182.3 1849.64
12.21 -184.42 1852.3
11.43 -185.37 1853.86
9.6 -185.52 1855.09

RCI
-9.57 -190.51 1851.05
-3. -190.59 1846.07
1.92 -191.85 1844.28
6.96 -194.57 1843.38
11.61 -196.51 1844.01
16.24 -198.45 1847.82
17.82 -198.29 1852.11
17.27 -197.75 1856.81
15.58 -198.61 1861.66
11.63 -197.75 1866.13
7.16 -196.79 1870.69

LCI
7.29 -196.78 1870.52
12.66 -197.06 1866.62
17.02 -196.42 1863.76
20.48 -193.56 1862.25
22.93 -188.28 1862.87
24.2 -183.22 1862.6
23.72 -179.86 1861.36
20.92 -177.05 1858.64
16.96 -175.43 1857.31
13.12 -173.52 1857.9
8.62 -172.65 1859.74
2.63 -172.84 1863.7

NCI
2.49 -172.82 1863.7
7.4 -172.49 1859.71
11.68 -173.1 1854.47
13.12 -175.06 1849.97
13.39 -176.73 1846.73
11.79 -178.32 1844.06
8.79 -180.55 1841.45
5.33 -184.31 1841.15
1.19 -188.2 1843.5
-3.78 -190.16 1846.42
-9.6 -190.63 1851.08

RLS - closed
10.76 -185.72 1855.44
13.23 -185.56 1853.93
15.1 -188.13 1855.9
16.44 -191.04 1858.54
16.83 -194.35 1862.15
15.79 -196.04 1864.66
13.53 -197.16 1867.16
9.78 -197.08 1869.08
7.15 -197.02 1870.41
8.48 -194.61 1866.93
9.56 -191.73 1863.02
10.16 -189.64 1860.28
10.77 -187.73 1857.75

RNS - closed
10.55 -186.48 1854.66
12.58 -186.38 1853.36
11.76 -187.06 1850.67
9.06 -188.05 1848.07
5.63 -188.99 1846.38
2.94 -189.74 1844.95
-1.16 -190.46 1844.92
-5.3 -190.71 1847.32
-7.81 -190.77 1849.24
-9.71 -190.74 1851.05
-6.57 -190.13 1851.34
-0.64 -188.93 1852.16
5.42 -187.69 1853.07
8.83 -186.85 1854.34

LNS - closed
10.48 -185.69 1854.83
12.71 -185.45 1853.65
13.41 -182.52 1854.04
13.99 -178.58 1854.78
12.71 -174.92 1856.48
10.51 -172.66 1858.33
7.13 -172.06 1860.39
4.29 -172.06 1861.99
2.37 -172.41 1862.97
4.62 -175.17 1860.96
7.36 -178.9 1858.42
9.63 -182.34 1856.22
10.33 -184.06 1855.36

