n19

R
23.6285 -198.38 1083.99

L
30.216 -182.849 1097.54

N
14.4501 -178.635 1077.76

RLC
17.2129 -198.371 1107.4

RNC
-1.7627 -199.274 1088.46

LNC
8.1664 -176.328 1102.89

BR - closed
16.37 -177.09 1079.35
21.44 -175.74 1086.53
25.69 -176.19 1092.08
29.54 -178.43 1096.55
31.17 -183.37 1097.21
31.13 -189.57 1095.27
29.06 -195.76 1090.61
25.59 -198.16 1085.24
20.5 -197.1 1078.76
14.8 -191.83 1072.76
12.56 -186.53 1071.39
13.84 -180.76 1074.85

RGH
23.82 -198.55 1084.33
22.06 -196.09 1086.38
20.59 -193.62 1088.19
19.1 -190.78 1090.1
18.14 -189.97 1091.09
16.73 -190.27 1092.19

LGH
30.02 -182.77 1097.45
28.06 -184.33 1094.76
24.42 -186.41 1093.09
20.88 -188.24 1092.29
18.61 -189.32 1092.13
16.16 -190.03 1093.85

NGH
14.24 -178.63 1077.68
15.61 -181.21 1080.96
17.05 -184.27 1084.93
18.29 -186.99 1088.46
18.28 -188.08 1090.06
16.1 -188.84 1091.97

RCI
-1.78 -199.22 1088.23
6.3 -198.58 1082.9
13.79 -198.14 1081.84
19.25 -198.12 1082.03
23.58 -198.18 1084.29
25.37 -198. 1089.59
24.8 -198.38 1094.87
22.45 -199.04 1101.19
17.39 -198.29 1107.31

LCI
17.17 -198.35 1107.46
22.36 -197.39 1103.38
27.78 -193.17 1098.28
29.98 -188.77 1097.16
30.29 -182.63 1097.3
25.32 -178.26 1096.37
20.64 -177.24 1095.63
14.95 -175.27 1098.29
8.35 -176.25 1102.77

NCI
8.27 -176.42 1103.23
12.8 -174.79 1096.11
14.73 -175.14 1089.2
15.19 -176.64 1082.72
14.34 -178.95 1078.27
11.13 -184.46 1075.5
8.88 -189.99 1077.09
5.11 -195.53 1081.38
-1.85 -199.47 1088.46

RLS - closed
16.38 -189.88 1092.76
17.64 -189.54 1091.73
18.63 -189.3 1090.96
20.87 -190.88 1092.75
22.56 -193.26 1096.07
23.68 -194.84 1098.28
23.69 -196.53 1101.08
22.01 -197.46 1103.25
19.63 -198.29 1105.51
18.01 -198.62 1106.66
17.42 -198.52 1106.71
17.46 -197.8 1105.5
17.6 -196.41 1103.14
17.55 -194.64 1100.21
17.1 -192.68 1097.14
16.67 -191.18 1094.81
16.31 -190.46 1093.75

RNS - closed
16.15 -189. 1092.74
17.92 -188.7 1091.11
17.63 -189.71 1088.55
15.4 -191.81 1085.55
12.04 -194.29 1083.03
7.86 -196.34 1082.95
3.53 -198.14 1083.81
0.76 -198.84 1085.7
-1.19 -199.06 1087.81
0.28 -198.25 1088.1
3.66 -196.46 1088.57
7.37 -194.46 1089.15
10.87 -192.43 1090.14
13.53 -190.79 1091.18
14.92 -189.87 1091.93

LNS - closed
16.08 -188.08 1092.53
17.92 -187.3 1091.25
18.66 -185.34 1091.21
18.9 -181.85 1091.98
17.14 -178.12 1094.45
14.84 -176.44 1096.78
11.89 -175.37 1099.48
10.24 -175.67 1100.74
8.57 -175.89 1102.03
9.99 -177.11 1100.54
11.92 -179.61 1098.28
13.87 -182.11 1096.
15.35 -185.2 1093.93
15.86 -186.77 1093.08

