n11

R
4.7871 -180.871 242.319

L
12.4727 -164.859 251.18

N
-4.973 -162.595 238.048

RLC
4.8415 -178.108 264.894

RNC
-17.1402 -176.841 250.647

LNC
-5.3267 -156.613 260.581

BR - closed
5.8 -157.6 246.57
9.46 -158.74 249.2
11.92 -163. 250.34
13.47 -165.91 251.02
14.19 -170.01 250.84
13.18 -174.27 249.28
10.46 -178.01 246.5
6.53 -180.63 242.97
1.35 -179.92 239.08
-2.46 -177.24 236.6
-5.87 -172.55 234.81
-6.94 -167.69 234.85
-5.3 -163.73 236.85
-1.93 -160.77 240.
2.07 -158.54 243.5

RGH
4.86 -180.87 242.41
4. -178.03 244.26
3.31 -175.19 245.9
2.64 -172.14 247.54
2.05 -170.6 248.72
0.78 -170.43 250.54

LGH
12.44 -164.67 251.09
11.13 -165.37 250.44
7.94 -166.88 250.15
4.31 -168.6 249.88
2.74 -169.32 249.9
1.34 -169.76 251.29

NGH
-4.81 -162.47 238.16
-3.3 -164.36 241.38
-1.75 -166.13 244.31
0.37 -167.79 246.56
1.52 -168.99 248.45
0.5 -169.63 250.68

RCI
-17. -176.82 250.75
-11.76 -177.56 244.48
-6.59 -178.47 242.18
-2.26 -179.63 241.14
1.6 -180.12 241.09
4.68 -180.56 242.21
7.43 -180.41 246.16
8.56 -180.04 250.6
8.91 -179.46 253.76
8.95 -178.96 257.52
4.81 -178.06 264.9

LCI
4.76 -178.07 264.99
10.37 -175.77 258.25
12.11 -173.64 254.63
13.53 -169.25 251.97
12.45 -164.9 251.02
8.28 -160.32 251.43
4.31 -158.05 251.86
-0.09 -156.29 253.27
-5.2 -156.8 260.48

NCI
-5.38 -156.78 260.55
-2.84 -155.96 255.33
-1.1 -156.38 249.79
-1.27 -158.94 244.69
-2.51 -160.99 240.54
-4.89 -162.94 238.05
-8.34 -167.29 237.42
-9.87 -170.94 239.66
-12.44 -174.28 242.81
-14.37 -175.73 245.95
-16.94 -176.79 250.67

RLS - closed
1.21 -169.21 251.03
2.62 -169.01 249.06
4.77 -170.65 250.24
7.47 -172.81 251.96
9. -174.91 254.79
9.12 -176.4 257.87
8.09 -177.17 260.65
6.39 -177.54 263.29
5. -177.57 264.87
4.39 -175.62 261.32
3.63 -173.71 258.05
2.85 -171.6 254.37
1.93 -170.05 252.05

RNS - closed
0.8 -169.85 250.2
1.93 -169.63 248.42
0.32 -170.64 245.98
-3.8 -172.62 243.9
-7.6 -174.32 243.
-11.44 -175.67 244.61
-14.35 -176.57 246.76
-16.04 -176.95 249.02
-16.73 -177.01 250.62
-13.38 -175.73 249.96
-9.49 -174.19 249.48
-5.73 -172.65 249.39
-2.14 -171.13 249.7

LNS - closed
0.94 -169.49 250.56
2.1 -169.11 248.59
2.11 -165.29 248.63
1.58 -161.09 249.58
0.1 -158.33 252.13
-1.76 -156.74 255.32
-3.06 -156.27 257.53
-4.03 -156.28 259.18
-4.86 -156.73 260.58
-3.87 -158.57 258.88
-2.5 -161.3 256.51
-1.07 -163.76 254.05
0.06 -166.46 252.09
0.6 -168.53 251.14

