n16

R
9.7929 -190.359 1056.71

L
18.1597 -174.829 1069.61

N
4.5321 -169.312 1051.42

RLC
2.8456 -190.131 1078.92

RNC
-17.1215 -185.419 1059.74

LNC
-3.2668 -167.328 1074.

BR - closed
13.48 -169.87 1063.22
16.97 -172.25 1067.79
18.97 -178.2 1069.98
18.27 -185.79 1068.33
15.03 -188.9 1063.61
10.96 -190.68 1057.85
6.95 -189.49 1052.46
3.39 -185.03 1048.
1.4 -179.51 1045.77
2.43 -173.23 1047.75
4.56 -170.17 1050.95
7.99 -168.43 1055.82

RGH
9.7 -190.47 1056.7
8.27 -186.96 1059.35
7.21 -183.23 1061.84
6.33 -181.41 1063.31
5. -181.08 1064.38
3.09 -181.32 1065.58

LGH
18.09 -174.72 1069.57
15.44 -176.03 1068.24
11.5 -177.99 1066.22
8.09 -179.69 1064.47
5.83 -180.36 1064.58
3.43 -180.42 1066.49

NGH
4.7 -169.05 1051.75
5.51 -171.96 1054.57
6.32 -176.13 1058.8
6.31 -178.82 1061.84
5.7 -180.04 1063.56
3.38 -180.46 1065.34

RCI
-17.07 -185.35 1059.81
-8.73 -186.08 1054.47
-2.38 -187.69 1052.66
2.03 -189.15 1052.59
6.4 -190.13 1053.8
9.79 -190.43 1056.6
11.75 -190.56 1061.31
11.37 -191.3 1066.76
9.73 -191.61 1071.04
6.97 -191. 1074.73
2.89 -190.26 1078.74

LCI
2.88 -190.17 1078.89
7.82 -189.94 1074.93
13.28 -186.66 1071.51
16.59 -180.74 1070.41
17.76 -175.05 1069.45
14.59 -171.49 1067.19
9.71 -169.74 1066.64
5.22 -167.57 1068.5
-3.21 -167.57 1073.96

NCI
-3.19 -167.57 1073.94
2.31 -167.23 1068.83
6.65 -168.22 1062.44
7.28 -168.98 1056.57
4.64 -169.77 1051.91
1.91 -173.6 1049.07
-1.01 -178.12 1049.4
-4.62 -182.02 1050.71
-8.38 -184.43 1053.28
-12.91 -185.15 1056.61
-16.95 -185.29 1059.71

RLS - closed
6.41 -180.74 1063.74
8.88 -184.66 1067.31
9.97 -188.11 1071.17
9.77 -189.83 1073.56
6.86 -190.14 1075.83
2.94 -190.34 1078.61
3.78 -187.64 1074.52
3.86 -183.67 1069.23
3.36 -180.95 1065.97

RNS - closed
6.16 -181.25 1062.55
3.99 -182.25 1058.81
-0.37 -183.57 1055.53
-5.74 -184.81 1053.94
-9.73 -185.44 1054.58
-13.83 -185.74 1057.37
-16.97 -185.94 1059.76
-9.46 -184.43 1060.55
-2.83 -182.94 1062.27
1.52 -181.82 1064.32
2.57 -181.52 1064.98

LNS - closed
6.52 -179.84 1063.44
7.17 -175.1 1064.09
6.49 -170.38 1065.73
3.88 -167.78 1068.3
0.9 -166.98 1070.72
-3.16 -167.1 1073.71
-1.19 -170.5 1071.42
1.76 -175.39 1068.05
3.32 -180.28 1065.71

