n107

R
6.7083 -198.705 1289.13

L
13.831 -180.271 1301.32

N
-4.6504 -183.148 1282.27

RLC
0.3217 -193.299 1312.66

RNC
-16.3287 -199.139 1298.28

LNC
-10.8946 -176.641 1304.6

BR - closed
6.36 -175.69 1295.23
11.05 -176.89 1299.52
13.79 -180.39 1301.25
15.27 -184.95 1301.44
14.62 -191.55 1298.94
10.88 -196.62 1293.84
4.97 -198.45 1287.48
0.19 -197.47 1283.04
-3.56 -192.92 1280.6
-4.88 -186.32 1281.15
-2.87 -180.23 1284.84
1.93 -176.96 1290.5

RGH
6.68 -198.82 1289.23
5.66 -196.49 1290.34
3.86 -192.98 1292.3
2.45 -189.13 1293.86
1.44 -187.72 1294.95
0.13 -187.95 1296.31

LGH
13.86 -180.37 1301.36
12.28 -181.35 1299.63
8.36 -183.44 1297.78
3.81 -185.84 1295.74
1.86 -186.77 1295.55
0.43 -187.22 1296.97

NGH
-4.81 -183.28 1282.43
-3.69 -184.2 1285.6
-1.84 -185.16 1288.92
0.79 -186.19 1292.46
0.98 -186.78 1294.47
-0.55 -187.26 1296.1

RCI
-16.49 -199.06 1298.4
-11.21 -198.35 1292.11
-6.63 -199. 1289.89
-1.87 -199.82 1288.76
3.32 -198.71 1288.23
6.49 -198.85 1289.11
8.63 -197.88 1293.23
9.32 -196.24 1297.64
8.67 -195.26 1303.43
4.49 -194.03 1308.48
0.35 -193.32 1312.59

LCI
0.31 -193.37 1312.61
5.26 -193.19 1308.03
9.58 -191.23 1305.14
12.42 -186.93 1302.43
14.2 -183.38 1301.75
13.73 -180.41 1301.22
9.81 -178.02 1299.79
5.76 -176.88 1298.73
0.73 -176.32 1298.27
-4.35 -175.5 1300.02
-10.77 -176.59 1304.44

NCI
-10.95 -176.59 1304.64
-6.99 -175.53 1300.07
-4.51 -176.27 1295.3
-3.71 -178.46 1290.09
-3.71 -179.87 1286.34
-4.44 -183.23 1282.68
-5.99 -187.52 1282.72
-8.37 -192.22 1285.22
-10.79 -195.39 1288.61
-13.26 -197.62 1293.02
-16.42 -199.03 1298.28

RLS - closed
0.2 -187.68 1296.88
2.11 -187.14 1294.95
4.49 -188.05 1296.69
6.95 -189.45 1299.65
7.83 -190.76 1302.83
7.24 -191.82 1305.75
5.67 -192.44 1307.79
3.23 -193.07 1310.11
0.5 -193.64 1312.35
1.37 -191.89 1307.54
1.58 -190.08 1302.76
1.04 -188.56 1298.96
0.25 -187.78 1297.14

RNS - closed
-0.1 -187.61 1296.28
1.65 -187.15 1294.41
0.49 -189.11 1291.86
-2.3 -192.1 1289.65
-5.86 -194.77 1289.48
-9.84 -197.2 1290.5
-12.98 -198.2 1293.43
-16.44 -198.72 1298.
-11.58 -195.59 1297.08
-6.26 -191.98 1296.5
-1.83 -189.04 1295.87

LNS - closed
-0.44 -187.02 1296.39
1.64 -186.4 1294.28
1.62 -183.87 1294.01
0.92 -180.45 1294.31
-1.62 -177.14 1296.41
-4.2 -175.54 1298.76
-6.8 -175.72 1301.33
-8.83 -176.15 1303.37
-10.38 -176.53 1304.93
-7.91 -178.69 1302.76
-5.14 -181.41 1300.36
-2.33 -184.17 1297.92
-1.03 -185.7 1296.82

