n26

R
10.9389 -201.929 1368.47

L
15.9038 -181.577 1372.76

N
1.0688 -187.024 1353.95

RLC
5.0969 -192.869 1388.24

RNC
-15.0568 -200.564 1369.43

LNC
-6.6602 -176.169 1370.89

BR - closed
13.08 -179.77 1367.47
16.14 -180.48 1371.55
18.15 -183.28 1374.48
18.69 -188.97 1375.8
17.02 -194.78 1374.24
14.22 -199.72 1371.12
10.95 -202.33 1367.12
6.67 -201.81 1361.47
2.96 -198.05 1356.21
1.1 -193.96 1353.33
1.02 -189.8 1352.78
2.71 -186.12 1354.59
4.64 -183.01 1356.79
7.45 -180.98 1360.24
10.17 -179.89 1363.67

RGH
10.88 -201.9 1368.44
9.22 -199.41 1368.44
6.97 -195.26 1368.03
5.15 -192.01 1367.76
3.64 -190.73 1368.29
1.42 -190.56 1369.99

LGH
15.89 -181.53 1372.84
14.08 -183.45 1371.21
10.69 -185.79 1370.03
6.47 -188.92 1368.24
4.27 -189.87 1368.3
1.63 -189.8 1370.2

NGH
0.96 -187.17 1354.01
1.27 -187.79 1357.33
2.55 -188.73 1361.47
3.76 -189.68 1365.76
3.32 -189.94 1367.86
1.19 -189.84 1369.72

RCI
-14.92 -200.41 1369.58
-10.31 -201. 1364.77
-4.09 -202.06 1362.74
1.5 -202.78 1363.33
7.24 -202.47 1366.15
10.91 -201.96 1368.49
12.42 -200.23 1371.9
11.94 -199.08 1375.97
10.21 -197.73 1381.24
7.86 -196.3 1385.31
5.07 -192.87 1388.27

LCI
5.06 -192.9 1388.28
9.69 -193.14 1384.99
13.26 -191.57 1381.15
15.59 -188.69 1377.78
17.26 -185.63 1376.13
15.78 -181.58 1372.75
12.35 -180.38 1369.99
8.46 -179.34 1368.19
3.82 -177.56 1367.5
-1.09 -176.03 1368.03
-6.62 -176.25 1370.96

NCI
-6.7 -176.25 1370.92
-3.4 -176.99 1367.37
0.42 -179.52 1362.41
2.29 -182.4 1358.82
2.46 -184.71 1356.14
1.11 -186.98 1354.06
-1.05 -191.12 1353.57
-2.72 -195.06 1356.29
-6.16 -198.52 1360.2
-10.54 -200.1 1364.16
-14.87 -200.4 1369.53

RLS - closed
1.77 -190.21 1370.33
5.08 -190.68 1367.78
7.58 -191.43 1369.84
9.86 -192.3 1373.69
11.02 -193.05 1378.71
9.79 -193.19 1382.92
7.8 -193.07 1386.01
5.29 -192.74 1388.27
5.01 -192.3 1384.39
3.97 -191.6 1379.62
3.27 -191.04 1375.47
2.6 -190.61 1372.57

RNS - closed
1.26 -190.82 1369.91
4.45 -191.17 1367.6
3.53 -193.49 1365.71
1.27 -196.37 1364.04
-2.38 -198.73 1363.77
-6.72 -200.8 1364.22
-10.25 -201.48 1365.65
-13.16 -201.28 1367.65
-15.13 -200.68 1369.47
-10.02 -198.11 1369.08
-5.41 -195.29 1369.26
-1.29 -192.74 1369.44

LNS - closed
1.78 -190.53 1369.95
4.69 -190.78 1367.54
4.65 -187.81 1366.3
3.49 -183.98 1365.64
1.3 -180.01 1365.82
-2.13 -177.14 1367.54
-4.53 -176.52 1369.34
-6.39 -176.27 1370.84
-4.19 -179.27 1370.24
-1.89 -182.26 1369.54
-0.06 -185.74 1369.47
0.95 -188.72 1369.88

