n2

R
35.3645 -170.703 1299.4

L
40.3192 -155.984 1307.53

N
25.1122 -158.697 1294.33

RLC
31.7114 -170.019 1317.76

RNC
14.6438 -172.15 1304.09

LNC
20.4878 -154.817 1310.2

BR - closed
34.39 -153.11 1301.96
38.69 -153.41 1305.39
41.79 -156.44 1307.09
43.74 -160.56 1307.55
43.24 -165.2 1305.86
40.84 -168.26 1303.04
37.39 -170.16 1299.69
33.9 -170.4 1296.76
30.46 -169.55 1294.18
27.1 -167.44 1292.01
24.66 -163.51 1291.1
25.36 -160.09 1292.62
27.17 -156.57 1295.08
30.7 -154.07 1298.66

RGH
35.29 -170.75 1299.4
33.61 -168.61 1300.58
32.02 -166.54 1301.69
30.52 -164.4 1302.68
29.67 -163.94 1303.44
28.82 -164.26 1304.41

LGH
40.21 -155.98 1307.48
38.18 -157.56 1306.18
35.79 -159.38 1304.75
32.54 -161.69 1303.57
30.71 -162.89 1303.42
29.22 -163.56 1304.6

NGH
25.18 -158.8 1294.47
26.52 -159.84 1296.38
27.76 -160.88 1298.32
29.19 -162.3 1301.04
29.31 -163.1 1302.78
28.46 -163.53 1303.99

RCI
14.71 -172.07 1304.2
19.09 -171.19 1299.3
23.04 -170.84 1297.44
27.32 -170.68 1296.61
31.11 -170.75 1297.
35.31 -170.21 1299.27
37.08 -169.96 1303.45
37.1 -169.99 1307.53
35.79 -170.22 1312.11
31.73 -170. 1317.76

LCI
31.74 -169.99 1317.76
34.9 -168.71 1314.56
37.81 -166.18 1312.16
40.62 -161.84 1309.34
40.9 -158.99 1308.2
39.92 -156.17 1307.21
37.44 -155.04 1306.58
34.14 -155.07 1305.46
28.58 -154.32 1306.06
24.79 -154.02 1307.46
20.66 -154.98 1310.12

NCI
20.54 -155.02 1310.24
23.25 -154.41 1306.94
25.55 -154.69 1303.27
26.59 -156.09 1298.42
25.15 -158.73 1294.21
23.6 -161.89 1293.08
22.12 -165.71 1294.96
19.77 -168.86 1297.67
17.33 -170.57 1300.36
14.75 -172.04 1304.14

RLS - closed
28.61 -163.36 1305.19
30.54 -163.05 1302.96
33.18 -164.43 1304.14
35.63 -166.46 1307.06
36.03 -168.22 1310.94
34.94 -169.24 1314.2
33.03 -169.67 1316.74
31.64 -169.7 1317.89
31.38 -168.23 1314.62
30.7 -166.6 1311.26
29.55 -164.94 1308.22

RNS - closed
28.98 -164.19 1304.17
30.63 -163.79 1302.28
29.84 -164.7 1300.33
27.19 -166.53 1298.73
24.72 -168. 1298.16
20.74 -169.96 1298.87
17.65 -171.18 1300.58
15.99 -171.65 1302.26
14.64 -171.9 1304.1
18.01 -170.18 1303.76
22.12 -167.97 1303.8
26.44 -165.57 1304.09

LNS - closed
28.72 -163.36 1304.33
30.28 -163. 1302.62
30.13 -160.63 1302.05
28.57 -157.26 1302.62
26.9 -155.17 1303.7
24.94 -154.17 1305.4
23.17 -154.4 1307.3
20.6 -154.86 1310.08
23.59 -157.41 1307.78
26.26 -160.07 1305.86
27.97 -162.09 1304.71

