n20

R
7.3717 -149.729 1644.4

L
17.7763 -141.99 1657.51

N
7.1656 -132.091 1643.35

RLC
0.3441 -149.017 1662.46

RNC
-10.3404 -137.82 1648.41

LNC
2.4817 -130.478 1662.79

BR - closed
15.07 -135.71 1652.68
17.73 -139.58 1656.28
18.51 -142.87 1657.43
18.08 -145.32 1657.
16.47 -147.67 1655.01
14.05 -150.36 1652.01
10.74 -151.28 1647.77
8.57 -149.95 1644.9
5.87 -147.51 1641.3
4.12 -143.93 1638.88
3.19 -138.71 1637.45
3.89 -135.23 1638.2
6.18 -132.98 1641.06
9.81 -132.08 1645.72
12.73 -133.71 1649.56

RGH
7.27 -149.64 1644.3
7.13 -147.74 1645.68
6.38 -146.01 1647.38
6.57 -143.15 1649.2
6.85 -141.68 1650.01
5.76 -141.19 1651.09

LGH
17.77 -142.21 1657.55
15.34 -141.93 1655.54
12.88 -141.68 1654.13
9.89 -141.36 1652.13
8.15 -141.22 1651.75
6.42 -141.14 1652.39

NGH
7.25 -132.1 1643.43
7.22 -134.33 1645.12
7.37 -137.09 1647.08
7.38 -139.72 1649.04
6.95 -141. 1650.31
5.83 -141.24 1651.29

RCI
-10.21 -137.92 1648.44
-7.03 -138.52 1645.55
-3.05 -140.61 1643.12
0.55 -143.99 1642.15
4.52 -147.63 1642.92
7.34 -149.54 1644.44
8.26 -150.35 1647.61
7.37 -150.59 1652.26
4.87 -150.28 1656.75
0.32 -148.92 1662.55

LCI
0.28 -148.94 1662.53
6.28 -149.06 1659.77
11.65 -148.05 1658.
15.68 -146.05 1657.18
17.73 -142.13 1657.11
16.43 -138.67 1656.5
13.35 -135.43 1656.62
9.3 -131.8 1657.88
2.59 -130.28 1662.84

NCI
2.56 -130.28 1662.89
6.68 -130.24 1658.26
8.96 -130.85 1653.49
9.67 -132.09 1648.3
7.39 -132.5 1643.35
4.28 -133.45 1641.02
0.62 -135.64 1641.95
-4.97 -137.25 1644.85
-10.2 -137.88 1648.43

RLS - closed
5.86 -141.55 1651.24
7.47 -141.5 1649.56
7.8 -143.46 1650.85
7.78 -146.32 1653.25
7. -148.37 1655.75
5.49 -149.69 1658.39
4.22 -149.58 1659.59
2.62 -149.18 1660.89
0.42 -148.86 1662.86
2.06 -146.59 1659.31
3.89 -144.54 1655.73
5.27 -142.77 1652.85

RNS - closed
5.39 -141.04 1651.82
7.01 -141.05 1650.3
5.17 -140.28 1646.77
1.88 -139.49 1644.63
-2.27 -138.74 1643.61
-5.24 -138.42 1644.41
-8.23 -138.24 1646.2
-10.35 -138.25 1648.36
-7.13 -138.76 1648.67
-2.57 -139.53 1649.45
0.68 -140.05 1649.73
3.39 -140.56 1650.5

LNS - closed
5.79 -140.89 1651.5
7.33 -140.71 1649.66
8.5 -138.53 1650.19
9.78 -135. 1651.83
9.22 -132.26 1655.15
8.18 -131.07 1657.62
6.3 -130.62 1660.49
4.71 -130.99 1662.22
3.5 -131.19 1663.62
4.36 -133.55 1660.27
5.51 -136.68 1655.83
6.21 -138.97 1652.77

