n25

R
25.3704 -167.927 1227.72

L
27.5252 -149.309 1238.1

N
12.8079 -150.906 1220.92

RLC
17.7785 -163.606 1251.38

RNC
1.098 -171.296 1232.14

LNC
2.8864 -145.747 1241.58

BR - closed
20.89 -145.16 1230.64
24.8 -146.1 1234.62
28.49 -148.83 1237.59
30.87 -152.32 1238.77
31.47 -157.87 1237.07
29.6 -163.35 1232.62
26.35 -167.24 1227.32
21.91 -166.38 1222.71
18.04 -163.83 1219.47
14.99 -160.99 1217.25
13.29 -155.63 1217.64
13.64 -150.95 1220.03
15.08 -146.94 1223.36
17.58 -145.41 1226.82

RGH
25.33 -167.98 1227.79
22.84 -165.1 1229.53
20.38 -161.63 1231.17
17.66 -157.82 1233.
16.3 -157.07 1234.03
14.76 -157.6 1235.34

LGH
27.45 -149.3 1238.28
25.76 -150.66 1236.46
22.98 -152.49 1235.36
19.13 -154.91 1234.43
16.99 -156.2 1234.14
14.91 -157.1 1235.6

NGH
12.75 -150.95 1221.05
14.17 -151.56 1222.51
15.02 -153.06 1225.93
15.83 -155.31 1231.08
16. -156.28 1233.28
14.23 -157.13 1235.12

RCI
1.07 -171.16 1232.27
6.01 -170.08 1228.7
12.46 -168.99 1226.28
18.02 -168.26 1225.66
22.99 -167.72 1226.04
25.64 -167.29 1228.52
26.72 -165.83 1231.62
27. -164.38 1236.5
25.5 -163.91 1242.79
22.77 -163.75 1246.5
17.88 -163.61 1251.45

LCI
17.83 -163.56 1251.54
22.23 -162.52 1248.01
26.68 -160.24 1243.06
28.14 -156.54 1239.83
28.6 -152.7 1239.28
27.27 -149.16 1237.88
23.18 -147.65 1235.95
17.89 -146.25 1235.6
12. -144.74 1236.41
7.63 -145.08 1238.22
3.01 -146.09 1241.71

NCI
2.9 -146.11 1241.65
8.21 -145.31 1235.47
12.02 -146.58 1228.8
13.14 -149.08 1223.36
12.85 -151.17 1220.84
11.88 -155.45 1219.44
10.7 -161.11 1220.88
8.32 -165.99 1223.87
4.87 -168.97 1228.28
1.18 -171.15 1232.18

RLS - closed
16.43 -156.38 1233.88
20.61 -157.41 1236.8
22.44 -158.71 1238.91
24.48 -159.94 1240.14
26.03 -160.99 1243.39
23.93 -161.96 1246.3
21.02 -163.09 1249.66
18. -163.63 1251.32
18.29 -161.23 1245.24
17.25 -159.6 1240.18
15.13 -158.21 1236.49

RNS - closed
14.68 -157.58 1234.68
16.61 -156.91 1232.85
15.99 -159.19 1230.03
13.48 -163.15 1227.29
10.24 -166.64 1226.44
7.11 -169.13 1227.08
4.66 -170.03 1229.33
2.69 -170.89 1230.9
1.34 -171.36 1232.18
4.47 -168.34 1232.4
7.8 -164.97 1232.94
10.75 -161.78 1233.72
13.24 -159.28 1234.06

LNS - closed
14.44 -157.03 1234.82
16.65 -156.19 1232.85
15.81 -153.1 1232.74
14.84 -149.72 1232.66
12.49 -146.69 1233.75
9.61 -144.55 1235.5
6.45 -144.52 1238.01
2.76 -145.74 1241.25
5.8 -148.21 1239.46
9.48 -151.25 1237.3
12.13 -154.02 1235.9
13.52 -156.05 1235.31

