n23

R
50.2467 -188.533 1389.71

L
51.4514 -171.385 1398.03

N
39.8274 -173.633 1375.28

RLC
36.9718 -187.012 1409.57

RNC
19.2906 -193.962 1388.04

LNC
26.6805 -166.617 1398.1

BR - closed
47.7 -167.02 1390.64
50.59 -168.72 1395.49
52.24 -171.22 1397.73
53.13 -175.64 1397.87
52.8 -181.85 1395.04
52.27 -186.51 1392.4
50.17 -188.35 1387.78
47.02 -188.97 1381.61
43.85 -186.72 1376.42
40.89 -181.35 1372.73
40.28 -175.2 1373.74
41.74 -169.6 1378.47
44.99 -167.27 1385.43

RGH
50.26 -188.63 1389.76
47.93 -186.39 1389.51
44.86 -184.12 1389.57
42.09 -182.63 1389.95
40.27 -182.45 1390.66
38.63 -183.51 1392.

LGH
51.59 -171.52 1398.08
49.43 -174.44 1394.86
46.75 -176.82 1392.99
44.27 -179.09 1391.15
42.27 -180.57 1390.26
39.3 -181.72 1390.77

NGH
39.8 -173.59 1375.41
40.04 -175.14 1378.39
40.23 -176.97 1381.93
40.66 -179.04 1385.88
40.38 -180.4 1388.61
38.83 -180.96 1390.04

RCI
19.32 -193.91 1387.95
25.58 -193.83 1383.77
32.73 -192.6 1382.06
39.53 -192.04 1382.64
44.93 -191.18 1384.67
47.37 -189.12 1386.69
49.88 -188.16 1390.15
49.84 -187.36 1394.65
48.11 -186.54 1398.69
45.91 -186.48 1402.2
41.8 -186.47 1405.66
37.18 -187.06 1409.32

LCI
37.02 -187.08 1409.48
43.49 -184.65 1404.56
47.8 -182.18 1401.73
50.55 -178.71 1399.41
51.88 -175.31 1398.37
51.21 -171.88 1397.54
48.04 -169.76 1394.9
43.33 -167.9 1392.48
37.94 -166.41 1391.86
31.63 -166.03 1394.5
26.94 -166.85 1398.01

NCI
26.68 -166.87 1398.16
31.16 -166.52 1393.62
35.21 -166.99 1389.34
38.25 -168.42 1385.47
40.39 -170.73 1379.34
39.99 -173.62 1375.34
37.93 -179.09 1374.97
35.15 -184.57 1377.13
30.33 -189.91 1381.17
25.02 -193.16 1383.66
19.31 -194.01 1388.07

RLS - closed
40.05 -180.03 1390.11
41.65 -179.52 1389.07
44.66 -180.3 1391.39
46.3 -182.12 1396.08
45.42 -184.72 1402.36
42.67 -186.27 1405.8
39.75 -187.12 1407.5
37.16 -187.78 1408.78
38.03 -186.42 1405.56
39.67 -183.86 1399.48
40.37 -181.8 1394.53
40.24 -180.64 1391.65

RNS - closed
41.51 -179.91 1388.14
40.21 -182.02 1385.08
36.52 -185.95 1381.18
31.65 -189.45 1380.01
27.25 -191.58 1381.39
22.59 -193.01 1384.75
19.29 -193.68 1387.98
24.33 -191.15 1386.63
29.43 -187.89 1386.89
34.07 -184.92 1387.16
37.25 -182.44 1388.39
39.07 -180.73 1389.75

LNS - closed
41.51 -177.96 1388.36
40.99 -174.42 1388.49
38.94 -170.67 1389.68
34.92 -167.67 1392.25
31.63 -166.15 1394.43
28.67 -166.17 1396.47
26.75 -166.58 1397.81
30.21 -170.02 1395.65
33.05 -173.18 1393.88
35.52 -176.46 1392.39
37.9 -178.62 1390.88
38.45 -179.43 1390.55
40.84 -178.77 1388.87

