n24

R
37.0178 -170.531 1356.48

L
41.9067 -149.806 1368.39

N
25.3234 -151.224 1350.28

RLC
30.1533 -166.689 1380.45

RNC
13.5631 -168.927 1362.48

LNC
20.0756 -147.555 1372.35

BR - closed
37.04 -147.42 1364.06
40.14 -148.04 1367.15
43.14 -151.4 1369.26
45.48 -157.26 1369.85
45.11 -162.47 1367.77
42.99 -165.78 1364.45
40.14 -169.25 1360.29
37.11 -170.47 1356.67
34.32 -169.83 1353.9
30.52 -167.19 1350.71
28.29 -163.59 1349.51
26.15 -159.97 1348.39
25.34 -155.05 1349.13
26.3 -150.63 1351.59
29.58 -147.2 1356.19
33.16 -146.86 1360.1

RGH
36.94 -170.58 1356.51
35.64 -167.99 1357.83
33.94 -164.71 1359.55
32.12 -161.01 1361.4
31.08 -159.2 1362.45
30.35 -158.79 1363.16
28.76 -159.03 1364.69

LGH
41.88 -149.82 1368.48
38.9 -152.13 1366.74
35.73 -154.59 1364.88
32.66 -156.89 1363.35
30.7 -158.01 1363.53
29.04 -158.55 1365.05

NGH
25.28 -151.26 1350.34
26.63 -152.5 1352.62
28.53 -154.34 1355.99
29.88 -155.99 1359.13
30.46 -157.08 1361.31
30.27 -157.71 1362.71
28.49 -158.31 1364.51

RCI
13.5 -168.93 1362.58
18.9 -168.34 1357.43
23.5 -168.78 1355.06
28.09 -169.15 1354.29
32.68 -170.1 1354.4
37.15 -170.25 1356.6
38.8 -170.01 1360.17
39.34 -169.29 1364.12
39.18 -168.67 1368.06
36.89 -168.04 1373.94
30.14 -166.69 1380.32

LCI
30.01 -166.59 1380.47
37.63 -165.88 1374.88
41.53 -162.93 1372.95
43.18 -158.46 1371.31
43.24 -152.55 1369.51
41.87 -150.03 1368.36
38.26 -148.13 1367.03
33.6 -147.19 1366.74
28.76 -146.03 1367.38
24.61 -146.49 1369.41
20.16 -147.61 1372.29

NCI
20.05 -147.64 1372.35
25.29 -145.99 1366.11
27.48 -147. 1361.35
27.66 -148.13 1356.56
26.94 -150.05 1353.19
25.61 -152.05 1350.5
24.56 -156.88 1349.88
22.68 -162.47 1351.95
19.4 -166.44 1355.27
13.58 -169.02 1362.57

RLS - closed
28.92 -158.22 1364.73
31.5 -157.62 1362.64
34.58 -159.85 1365.49
36.47 -162.12 1368.88
37.35 -164.23 1372.35
35.96 -165.86 1375.84
32.94 -166.63 1378.41
30.03 -166.94 1380.12
30.21 -164.42 1375.47
30.21 -161.37 1369.94
29.95 -159.73 1367.07

RNS - closed
28.8 -158.39 1364.63
31.1 -157.65 1362.59
30.18 -159.29 1359.68
28.82 -160.96 1357.48
26.01 -163.17 1356.35
22.55 -165.75 1355.38
19.22 -167.47 1356.53
16.61 -168.2 1359.17
13.74 -168.83 1362.54
16.78 -166.98 1362.24
21.84 -163.56 1362.69
25.95 -160.73 1363.25

LNS - closed
28.81 -158.52 1364.51
31.2 -157.82 1362.26
31.26 -154.99 1362.18
29.62 -150.56 1363.69
26.89 -147.34 1366.22
24.55 -146.22 1368.4
22.41 -146.53 1370.41
20.32 -147.57 1372.38
23.45 -150.64 1369.47
25.86 -153.45 1367.24
27.85 -155.91 1365.39

