n28

R
25.7818 -196.236 -16.392

L
36.9457 -177.012 -7.7077

N
15.6705 -174.521 -26.4271

RLC
22.5244 -187.41 8.1213

RNC
-0.5157 -189.888 -7.7095

LNC
13.6546 -167.906 -0.866

BR - closed
30.62 -173.97 -14.46
36.32 -176. -9.38
38.84 -180.72 -6.91
36.37 -187.25 -8.71
32.78 -192.58 -11.55
28.89 -195.59 -14.78
24.44 -196.22 -18.63
19.4 -193.2 -23.2
15.25 -189.28 -27.04
12.55 -185.14 -29.62
12.96 -179.37 -29.59
16.72 -174.89 -26.56
22.04 -173.53 -21.98

RGH
25.78 -196.27 -16.36
24.83 -192.49 -15.26
23.43 -187.32 -13.63
22.61 -183.86 -12.68
21.67 -182.76 -11.59
20.54 -182.75 -10.28

LGH
36.95 -176.94 -7.84
33.19 -178.3 -9.6
28.72 -179.73 -10.99
24.18 -181.08 -12.02
22.23 -181.47 -11.69
21.2 -181.42 -10.49

NGH
15.81 -174.61 -26.48
18.94 -177.04 -22.62
20.26 -179.01 -17.91
21.48 -180.82 -13.58
21.15 -181.28 -11.62
20.22 -181.19 -10.69

RCI
-0.47 -189.99 -7.81
4. -190.8 -13.3
8.92 -192.11 -17.4
13.81 -193.92 -18.47
19.87 -195.54 -18.36
25.58 -195.8 -16.5
28.87 -194.28 -11.53
29.22 -192.25 -6.63
28.76 -190.68 -1.35
26.57 -189.12 2.85
22.57 -187.44 8.01

LCI
22.45 -187.43 8.16
27.56 -188.22 2.08
31.46 -186.96 -2.49
35.01 -183.85 -5.5
36.87 -180.65 -6.79
36.74 -177.43 -8.03
32.89 -175.11 -10.25
28.53 -172.83 -10.3
24.07 -170.32 -9.17
20.06 -168.95 -6.77
13.81 -168.22 -0.92

NCI
13.57 -168.14 -0.96
19.3 -168.89 -7.73
21.4 -170.93 -14.9
19.54 -173.75 -21.94
16.02 -176.05 -26.24
11.21 -181.14 -27.49
8.82 -185.87 -23.33
6.16 -188.34 -19.13
3.75 -189.34 -14.68
-0.45 -189.98 -7.85

RLS - closed
22.71 -182.11 -12.49
26.36 -184.51 -9.03
29.36 -187.24 -3.53
28.7 -188.22 0.84
26.39 -188.32 4.35
23.76 -187.99 6.78
22.58 -187.81 7.77
23.02 -186.02 0.85
22.67 -184.46 -4.15
21.56 -182.91 -8.07
20.56 -181.81 -10.61

RNS - closed
21.32 -182.59 -13.12
19.51 -184.65 -15.91
15.25 -187.64 -18.34
9.68 -189.67 -17.3
4.34 -190.66 -14.16
1.19 -190.37 -10.35
-0.4 -189.97 -7.85
3.83 -188.52 -8.85
10.1 -186.47 -10.55
16.67 -183.83 -11.24
20.07 -182.42 -11.49

LNS - closed
21.8 -181.59 -13.03
22.51 -176.8 -12.95
21.89 -171.51 -11.27
20.27 -168.52 -8.88
16.88 -167.78 -4.89
14.81 -167.86 -2.57
13.62 -167.89 -1.23
15.3 -171.62 -3.82
17.78 -175.66 -7.37
19.72 -179.73 -10.34
20.14 -181.49 -11.13

