n27

R
14.9275 -183.676 -215.641

L
19.6996 -164.123 -210.123

N
0.0598 -168.854 -227.013

RLC
9.7472 -176.464 -194.357

RNC
-7.4538 -184.592 -208.588

LNC
-5.0717 -162.586 -204.268

BR - closed
8. -161.62 -219.58
14.01 -161.54 -214.52
18.22 -162.57 -211.05
22.11 -168.16 -208.21
20.91 -176.57 -209.87
16.62 -182.49 -213.93
9.58 -183.73 -219.95
3.18 -179.43 -225.01
-0.11 -172.05 -227.2
2.11 -164.75 -224.77

RGH
14.79 -183.73 -215.72
13.87 -181.63 -215.63
11.86 -178.37 -214.78
10.61 -175.05 -214.88
9.56 -174.12 -214.07
7.61 -174.31 -211.62

LGH
19.78 -164.27 -210.11
17.97 -165.86 -210.86
14.87 -168.23 -211.3
11.24 -171.4 -212.75
9.44 -172.56 -212.5
8.19 -172.76 -210.91

NGH
0.12 -168.9 -226.83
3.09 -169.79 -224.81
5.26 -171.06 -220.64
8.36 -172.34 -217.05
8.85 -172.87 -215.05
6.78 -173.28 -212.03

RCI
-7.33 -184.45 -208.19
-0.72 -184.78 -215.43
5.44 -183.52 -216.89
9.63 -183.88 -217.31
14.6 -183.03 -215.7
16.76 -180.74 -211.32
16.6 -178.81 -206.87
15.01 -177.8 -201.4
9.89 -176.52 -194.52

LCI
9.77 -176.49 -194.38
14.69 -175.3 -200.21
19.1 -172.59 -205.14
21.32 -167.67 -208.33
18.39 -163.84 -211.25
13.87 -162.41 -212.76
9.5 -162.27 -213.27
3.59 -160.75 -211.84
-1.29 -161.27 -208.51
-4.93 -162.67 -204.45

NCI
-5.07 -162.68 -204.3
-2.11 -161.74 -208.75
1.06 -161.9 -214.79
2.31 -163.42 -219.65
2.18 -165.08 -223.62
0.79 -169.31 -226.64
-0.45 -174.36 -226.2
-0.69 -178.11 -222.85
-2.52 -181.28 -218.88
-4.83 -183.43 -214.45
-7.19 -184.3 -208.63

RLS - closed
7.88 -172.99 -211.98
9.15 -172.91 -213.3
11.07 -173.39 -212.05
13.12 -174.21 -209.
14.56 -175.1 -205.19
14.22 -175.7 -201.7
12.91 -176.22 -197.96
11.37 -176.37 -196.05
10.26 -176.43 -194.99
10.22 -175.99 -197.32
10.1 -175.37 -200.59
9.71 -174.65 -204.25
8.92 -173.99 -207.3
8.27 -173.43 -209.86
7.93 -173.16 -211.07

RNS - closed
7.19 -173.24 -211.76
8.6 -173.21 -213.56
8.54 -174.12 -214.68
6.85 -176.63 -215.74
4.73 -179.21 -216.33
2.53 -181.36 -216.25
-0.2 -183.56 -215.54
-2.58 -184.56 -213.74
-4.82 -185.33 -211.81
-6.12 -185.38 -210.18
-6.95 -185.12 -208.75
-6.01 -184.15 -208.72
-4.71 -183.28 -209.28
-2.16 -181.38 -210.15
0.21 -179.41 -210.67
2.66 -177.33 -211.16
4.54 -175.71 -211.51
5.99 -174.39 -211.69

LNS - closed
7.09 -172.45 -212.11
8.69 -172.38 -213.97
8.95 -171.3 -214.89
7.56 -167.89 -215.3
5.46 -165.27 -214.43
2.78 -162.96 -212.73
-0.32 -161.82 -209.88
-2.65 -161.58 -207.37
-4. -161.99 -205.6
-4.75 -162.42 -204.49
-3.53 -163.04 -205.52
-1.62 -164.17 -207.04
0.66 -166.2 -208.44
2.76 -167.96 -209.81
4.71 -169.78 -210.97
6.16 -171.6 -211.55

