n29

R
35.5893 -170.422 143.105

L
40.6884 -153.946 154.226

N
25.1899 -153.332 136.902

RLC
31.8484 -170.538 166.116

RNC
10.8341 -170.242 145.352

LNC
17.7673 -149.178 158.979

BR - closed
26.27 -153.43 137.71
29.88 -150.63 142.7
33.65 -149.78 147.23
37.37 -150.45 151.23
40.27 -152.85 153.72
41.85 -156.51 154.32
41.84 -161.47 152.69
39.95 -166.04 149.08
37.24 -169.33 144.95
34.42 -170. 141.54
30.31 -168.66 137.33
26.98 -164.73 134.84
24.32 -159.77 133.44
24.65 -155.97 135.05

RGH
35.54 -170.5 143.02
33.93 -168.02 144.53
32.47 -165.88 145.89
30.99 -163.62 147.28
29.73 -162.22 148.45
28.24 -162.34 149.79

LGH
40.58 -154.03 154.2
38.19 -155.6 152.64
35.28 -157.41 151.16
32.56 -159.04 150.06
30.79 -159.94 150.08
28.9 -160.58 151.53

NGH
25.12 -153.48 136.99
26.44 -155.28 139.71
28.13 -157.16 142.43
29.25 -158.6 144.56
29.23 -159.78 146.65
27.42 -160.6 148.74

RCI
10.77 -170.33 145.27
18.24 -169.15 140.36
26.06 -169.89 139.92
31.69 -170.04 141.35
35.4 -170.19 143.41
37.37 -170.5 148.86
37.3 -171.33 154.14
35.08 -170.8 160.67
32.01 -170.64 165.82

LCI
31.8 -170.51 166.2
37.1 -167.36 160.8
40.56 -162.55 156.3
41.67 -158.76 155.14
40.56 -153.99 153.94
35.69 -150.76 152.56
29.74 -149.61 152.15
24.85 -149.02 154.
17.77 -149.07 158.97

NCI
17.9 -149.05 158.99
21.95 -148.74 155.03
25.27 -148.67 149.72
26.69 -150.59 142.94
25.45 -154.6 137.24
23.23 -158.72 135.8
20.47 -164.12 137.97
16.15 -167.7 140.86
10.83 -170.28 145.22

RLS - closed
30.28 -161.06 149.61
31.45 -161.97 150.69
33.31 -163.61 152.73
36.47 -166.54 156.45
36.82 -168.24 159.21
36.28 -169.26 161.15
34.13 -170.24 163.67
32.65 -170.61 164.88
32.04 -170.71 165.3
31.94 -170.12 164.33
31.96 -168.95 162.33
31.74 -167.55 160.05
31.23 -166.01 157.63
30.72 -164.41 155.12
30.13 -163.04 153.03
29.59 -161.97 151.42
29.2 -161.39 150.59

RNS - closed
28.98 -160.83 148.35
28.9 -161.46 145.7
26.79 -162.94 143.7
23.45 -164.95 142.02
20.82 -166.47 140.95
18.34 -167.7 140.84
15.39 -168.87 142.01
13.3 -169.53 143.62
11.56 -170.1 144.82
12.96 -169.39 144.94
14.8 -168.44 145.19
18.19 -166.64 145.9
21.2 -165.04 146.46
24.09 -163.47 147.2
27.28 -161.58 148.66
28.09 -161.08 149.17

LNS - closed
28.44 -159.5 149.96
29.29 -158.27 149.18
29.07 -155.6 149.27
27.57 -151.62 150.45
25.88 -149.7 151.86
23.93 -149.25 153.55
21.41 -149.13 155.75
19.51 -149.01 157.4
18.33 -149.34 158.45
18.94 -150.07 157.94
20.19 -151.19 156.89
22.17 -152.89 155.22
23.84 -154.56 153.82
25.27 -155.97 152.62
26.97 -157.46 151.18
27.44 -158.54 150.8
28.02 -159.83 150.34

