n21

R
14.4336 -191.814 1345.84

L
21.672 -173.04 1357.32

N
3.0155 -170.513 1340.68

RLC
11.7362 -192.143 1371.75

RNC
-18.6558 -189.169 1355.54

LNC
-4.6903 -164.193 1367.

BR - closed
2.86 -172.15 1339.57
10. -167.08 1347.47
17.33 -167.7 1354.1
21.52 -171.91 1356.91
24.77 -179.29 1358.05
22.56 -186.08 1354.28
18.72 -190.17 1349.68
12.53 -191.42 1343.63
6.63 -188.53 1338.89
2.56 -181.1 1337.01

RGH
14.41 -191.8 1345.94
12.8 -188.86 1347.48
11.22 -186.33 1349.
9.13 -182.77 1350.99
7.69 -181.44 1352.4
5.47 -181.56 1354.61

LGH
21.54 -172.99 1357.24
19.24 -174.38 1355.55
15.71 -176.31 1354.01
11.16 -178.51 1353.56
8.68 -179.62 1353.73
5.73 -180.69 1355.27

NGH
2.89 -170.51 1340.67
4.52 -173.34 1343.72
5.96 -176.4 1347.21
6.7 -179.19 1350.74
6.2 -180.22 1352.53
4.72 -180.87 1354.36

RCI
-18.63 -189.27 1355.53
-9.54 -188.54 1345.46
-0.42 -189.17 1343.24
7.09 -190.71 1343.51
14.05 -191.56 1345.83
17.2 -190.82 1352.57
15.8 -191.59 1360.57
14.47 -191.85 1365.37
11.76 -192.19 1371.65

LCI
11.74 -192.05 1371.82
16.71 -188.82 1365.35
21.83 -183.65 1359.99
22.44 -177.29 1358.95
21.79 -173.11 1358.08
16.97 -167.82 1355.75
10.04 -165.81 1355.55
3.57 -163.07 1359.96
-4.5 -164.63 1366.87

NCI
-4.61 -164.69 1367.28
1.87 -162.7 1358.86
5.9 -166.23 1350.81
5.84 -168.69 1345.
3.29 -172.24 1340.79
-0.12 -177.12 1339.85
-4.19 -182.65 1341.69
-10.94 -186.93 1345.31
-18.46 -189.14 1355.3

RLS - closed
6.33 -180.99 1354.27
8.17 -180.43 1352.18
11.39 -182.29 1353.37
15.11 -185.55 1356.65
16.38 -187.94 1359.95
16.84 -189.82 1362.85
14.48 -191.09 1366.47
12.86 -191.99 1369.
11.65 -192.55 1370.69
10.75 -190.23 1367.28
9.84 -187. 1362.33
9.05 -184.42 1358.43
7.36 -181.97 1355.3

RNS - closed
6.3 -180.42 1354.6
7.73 -179.69 1352.94
6.03 -180.83 1349.66
0.81 -182.82 1346.5
-5.05 -184.93 1344.91
-8.9 -186.25 1345.05
-13.54 -187.65 1348.05
-16.12 -188.33 1351.17
-17.6 -188.62 1354.55
-11. -186.43 1353.45
-4.25 -184.14 1353.07
1.5 -182.15 1353.32

LNS - closed
5.54 -179.89 1354.8
6.43 -179.64 1353.83
7.57 -178.46 1352.67
7.87 -175.12 1352.59
7.3 -169.89 1353.61
5.09 -165.58 1356.38
2.85 -164.05 1358.96
-0.05 -163.58 1362.18
-2.28 -164.03 1364.6
-3.66 -164.25 1366.1
-2.46 -166.22 1364.64
0.58 -170.15 1360.99
2.84 -173.73 1358.23
4.55 -176.59 1356.14
5.36 -179.07 1355.06

