n22

R
16.8806 -168.495 975.542

L
22.0459 -158.98 988.286

N
13.3957 -153.988 972.506

RLC
8.82 -170.564 995.933

RNC
-3.4735 -165.126 975.235

LNC
4.4745 -150.272 987.385

BR - closed
12.65 -155.84 969.31
14.55 -153.36 973.73
17.28 -152.17 979.45
19.38 -152.88 983.41
21.45 -155.3 986.85
22.44 -158.94 987.85
22.94 -163.15 987.71
22.32 -166.85 985.5
20.68 -168.69 981.78
18.47 -168.53 977.44
15.67 -166.78 972.38
13.6 -164.13 968.99
11.77 -158.97 966.74

RGH
16.97 -168.59 975.65
15.5 -166.58 977.32
13.37 -164.59 979.31
12.12 -162.36 980.98
10.88 -161.96 981.79
8.58 -162.22 982.8

LGH
21.86 -159.01 988.19
19.02 -159.76 985.84
15.91 -160.39 984.68
13.17 -161.02 983.08
11.81 -161.27 982.84
9.78 -161.46 983.69

NGH
13.41 -153.99 972.48
13.15 -155.93 974.97
13.03 -158.47 978.16
12.58 -160.26 980.52
11.28 -160.99 981.85
8.87 -161. 982.66

RCI
-3.36 -165.24 975.09
3.79 -165.4 971.61
9. -166.38 971.51
14.52 -167.39 973.38
16.66 -168.5 975.62
17.54 -169.41 980.49
16.38 -170.95 985.87
13.56 -171.27 990.46
8.92 -170.7 995.77

LCI
8.94 -170.68 995.79
13.67 -169.22 993.23
18.38 -165.93 990.26
20.94 -162.14 988.41
21.76 -159.29 987.96
19.04 -155.22 987.01
16.03 -153.63 985.76
11.17 -151.43 986.05
4.59 -150.27 987.3

NCI
4.39 -150.2 987.25
10.17 -150.51 984.26
13.48 -151.93 979.88
14.19 -152.8 976.43
13.64 -153.91 972.61
10.95 -156.68 969.
8.2 -160.29 969.29
3.39 -163.49 971.27
-3.42 -165.04 975.12

RLS - closed
10.14 -161.51 983.61
11.98 -161.3 982.72
13.59 -162.62 983.8
14.63 -163.91 985.04
15.76 -166.13 987.39
15.18 -168.3 990.25
13.65 -169.45 992.2
10.86 -170.3 994.19
9.22 -170.67 995.2
9.02 -169.89 994.31
9.29 -168.5 992.51
9.95 -166.7 990.06
10.42 -164.29 986.94
10.52 -162.34 984.5

RNS - closed
10.57 -161.08 983.29
12.2 -160.95 981.96
12.45 -161.31 979.42
10.98 -162.19 976.05
8.43 -163.16 973.56
5.03 -164.1 972.35
1.5 -164.75 973.05
-1.24 -165.17 974.1
-2.6 -165.3 975.13
-1.79 -165. 975.86
0.72 -164.2 977.4
3.91 -163.22 979.16
6.87 -162.26 981.04
9.23 -161.44 982.88

LNS - closed
10.34 -160.62 983.43
12.11 -160.33 982.54
13.27 -158.66 982.11
13.22 -155.68 982.45
12.16 -152.31 983.36
10.26 -150.57 984.52
7.93 -150.05 985.79
6.1 -150.24 986.72
5.03 -150.38 987.26
6.29 -152.31 986.41
8.19 -154.88 985.15
9.34 -157.46 984.28
10.01 -159.78 983.69

