n37

R
5.508 -184.714 -186.459

L
9.7607 -162.785 -174.818

N
-10.2223 -166.551 -189.303

RLC
2.7701 -181.034 -162.681

RNC
-15.1682 -186.151 -175.025

LNC
-9.5152 -164.123 -167.046

BR - closed
-9.55 -166.28 -189.63
-1.73 -162.37 -182.97
5.51 -162. -178.12
11.75 -163.23 -174.58
15.43 -169.79 -174.85
13.84 -176.82 -178.73
8.61 -183.07 -184.65
1.59 -183.77 -189.49
-4.55 -180.07 -191.97
-9.87 -174.12 -193.01

RGH
5.46 -184.76 -186.47
4.18 -181.47 -184.82
2.66 -178.73 -182.75
1.02 -175.45 -180.54
-0.12 -173.74 -178.94
-1.57 -174.16 -176.64

LGH
9.79 -162.78 -174.83
7.3 -165.13 -176.33
4.45 -167.71 -176.95
1.15 -170.74 -178.18
-0.25 -171.96 -177.95
-1.52 -172.88 -176.06

NGH
-10.18 -166.71 -189.24
-7.9 -167.67 -187.31
-4.92 -169.19 -184.2
-3.25 -170.45 -181.57
-2.51 -171.32 -179.73
-3.36 -172.28 -177.56

RCI
-15.09 -186.1 -175.18
-10.14 -185.22 -182.37
-5.13 -184.46 -185.07
0.61 -184.09 -187.39
5.59 -184.3 -186.49
7.95 -183. -182.09
8.39 -181.34 -176.57
8.09 -181.37 -170.79
6.23 -181.57 -166.67
2.92 -181.01 -162.79

LCI
2.82 -181.06 -162.73
7.85 -179.32 -167.99
10.32 -175.38 -172.38
11.63 -170.36 -173.43
10.95 -163.79 -174.16
5.1 -162.12 -175.66
0.66 -161.76 -174.32
-3.59 -161.78 -172.02
-9.47 -164.17 -167.09

NCI
-9.42 -164.17 -167.06
-6.33 -162.06 -174.91
-5.21 -163.12 -180.28
-6.93 -164.45 -185.66
-9.93 -167.76 -189.29
-11.24 -173.54 -189.4
-12.53 -179.32 -185.8
-13.27 -182.97 -181.15
-15.1 -186.14 -175.12

RLS - closed
-2.03 -171.92 -176.46
-1.06 -171.26 -178.05
-0.3 -170.97 -178.9
1.15 -171.57 -178.48
3.99 -173.33 -176.61
6.15 -175.36 -173.97
6.82 -177.11 -171.18
6.58 -178.48 -168.66
5.09 -179.65 -165.94
4.14 -180.37 -164.25
3.13 -180.76 -163.11
2.69 -179.74 -164.72
1.92 -178.4 -166.74
0.99 -176.71 -169.32
0.21 -175.35 -171.38
-0.24 -174.08 -173.43
-1.02 -173. -174.99
-1.8 -172.3 -175.89

RNS - closed
-0.53 -173.21 -176.44
0.38 -172.66 -177.97
-0.01 -173.39 -179.44
-0.99 -174.83 -181.58
-2.94 -177.16 -183.4
-5.47 -179.65 -183.49
-8.94 -182.87 -182.74
-11.19 -184.73 -181.25
-12.78 -185.79 -179.06
-13.69 -186.2 -177.
-14.41 -186.53 -175.36
-13.09 -185.31 -175.65
-10.34 -182.74 -176.17
-7.6 -180.18 -176.73
-4.97 -177.61 -176.72
-2.61 -175.31 -176.75
-1.39 -174.1 -176.71

LNS - closed
-1.93 -173.92 -177.52
-1.17 -173.45 -178.69
-0.6 -173.06 -179.58
-0.77 -171.16 -179.57
-1.53 -168.09 -178.85
-2.85 -165.09 -177.28
-4.44 -163.18 -175.19
-6.06 -162.31 -172.94
-7.83 -162.52 -170.33
-8.87 -163.32 -168.7
-9.44 -163.86 -167.79
-8.94 -164.23 -168.47
-7.96 -165.35 -169.78
-6.63 -167.01 -171.51
-5.28 -168.89 -173.25
-3.79 -170.52 -175.22
-2.78 -172.02 -176.52
-2.28 -173.25 -177.09

