n35

R
5.85 -190.146 180.051

L
15.1058 -173.506 186.334

N
-6.0424 -174.237 174.858

RLC
6.2123 -185.549 201.918

RNC
-13.4585 -188.31 190.669

LNC
-4.029 -168.752 195.753

BR - closed
8.03 -169.31 182.38
12.74 -170.35 184.84
15.2 -172.61 186.
15.81 -176.77 186.01
14.73 -181.62 185.05
11.66 -186.2 183.04
7.79 -189.31 180.71
2.81 -189.65 177.99
-1.78 -187.66 175.67
-5.54 -183.43 173.96
-7.32 -178.58 173.38
-5.82 -174.85 174.48
-3.01 -171.99 176.21
1.52 -169.92 178.82
5.27 -169.36 180.89

RGH
6.05 -190.18 179.95
5.07 -187.53 182.4
4.41 -183.55 184.67
4.08 -180.94 185.96
3.5 -180.01 187.24
2.19 -180.24 189.51

LGH
15.01 -173.38 186.44
12.24 -175.13 185.22
8.51 -177.11 185.37
4.99 -178.82 186.27
3.18 -179.46 187.84
2.25 -179.49 190.1

NGH
-6.09 -174.35 174.97
-4.45 -175.22 176.68
-1.7 -176.81 180.06
1.84 -178.53 183.14
2.91 -179.47 185.74
1.43 -179.86 188.8

RCI
-13.45 -188.32 190.77
-10.95 -189.45 185.26
-6.18 -189.08 181.98
-2.29 -189.55 180.03
2.47 -189.96 179.21
5.73 -190. 180.09
8.32 -189.53 183.65
9.43 -188.82 187.7
9.43 -188.57 192.77
8.24 -187.6 196.97
6.3 -185.74 201.93

LCI
6.29 -185.6 202.07
8.65 -185.99 197.56
11.73 -184.92 192.99
13. -181.59 189.09
14.49 -176.91 187.
15.07 -173.4 186.46
11.84 -171.27 186.36
7.28 -170.29 186.76
2.77 -169.08 188.62
-0.7 -168.04 191.34
-4.05 -168.73 195.72

NCI
-3.99 -168.72 195.76
-1.9 -168.43 188.11
-1.28 -170.39 183.
-2.72 -171.96 179.26
-4.64 -173.52 176.43
-6.77 -176.02 174.61
-8.23 -179.16 175.51
-9.58 -183.06 178.79
-11.72 -186.13 183.27
-13.42 -188.28 190.63

RLS - closed
1.92 -178.77 189.24
3.4 -179.08 185.37
5.65 -181.17 186.65
7.95 -183.53 189.02
9.05 -185.19 192.55
8.84 -185.72 195.64
7.76 -185.58 198.88
6.49 -185.25 201.93
5.16 -183.12 197.12
3.76 -180.94 192.39

RNS - closed
2.09 -180.24 188.51
3.3 -180.23 186.23
1.16 -182.17 183.24
-3.06 -184.69 182.13
-8.18 -187.06 183.29
-11.21 -187.91 186.01
-12.84 -187.99 188.83
-13.51 -187.9 190.45
-9.33 -185.98 189.46
-3.58 -183.16 188.73
-0.42 -181.54 188.6

LNS - closed
2.07 -179.74 188.6
3.16 -179.7 185.86
3.02 -177.22 184.33
1.6 -173.27 184.87
0.16 -170.13 186.09
-1.14 -168.96 188.46
-2.64 -168.39 191.76
-4.1 -168.68 195.6
-1.57 -172.74 192.38
1.32 -178.07 189.2

