n32

R
5.3751 -160.06 -124.314

L
12.8003 -143.531 -118.567

N
-3.9646 -143.619 -130.212

RLC
3.8311 -154.777 -106.299

RNC
-12.2882 -155.82 -116.36

LNC
-3.8828 -139.09 -113.301

BR - closed
-2.17 -142.29 -129.34
3.06 -140.79 -125.65
7.72 -140.58 -122.41
11.84 -142.07 -119.6
13.69 -144.64 -118.41
14.53 -149.22 -117.99
12.02 -155.43 -119.95
6.99 -159.56 -123.59
2.47 -159.37 -126.73
-1.87 -156.21 -129.63
-4.9 -152.69 -131.61
-5.42 -147.5 -131.78

RGH
5.32 -159.94 -124.25
4.84 -157.44 -123.7
3.95 -154.45 -122.6
3.25 -151.33 -121.78
2.61 -150.22 -120.92
1.23 -150.24 -118.96

LGH
12.88 -143.63 -118.55
11. -144.97 -119.52
8. -146.83 -120.26
5. -148.59 -120.72
3.36 -149.33 -120.34
1.55 -149.49 -118.06

NGH
-4.08 -143.65 -130.29
-2.41 -144.81 -128.9
-0.77 -146.4 -126.12
1.38 -148.02 -123.92
2.58 -149.1 -122.17
2.3 -149.48 -120.61
0.98 -149.5 -118.81

RCI
-12.3 -155.84 -116.4
-7.72 -156.64 -121.9
-3.48 -158.11 -124.72
1.89 -159.61 -125.55
5.28 -159.91 -124.33
7.35 -159.07 -121.71
7.89 -157.72 -118.04
7.04 -156.65 -112.87
3.91 -154.69 -106.58

LCI
3.79 -154.65 -106.34
6.42 -154.72 -110.04
9.46 -153.37 -113.78
11.85 -150.89 -115.62
13.27 -146.24 -117.4
12.67 -143.56 -118.69
10.11 -141.77 -119.18
6.73 -140.76 -118.67
3.2 -139.87 -117.7
-0.6 -139.08 -116.21
-3.85 -139.2 -113.36

NCI
-3.84 -139.2 -113.27
-2.15 -139.05 -117.95
-1.33 -139.74 -121.85
-1.13 -140.81 -125.35
-2.28 -142.2 -128.85
-3.74 -143.65 -130.2
-5.6 -146.69 -130.26
-7.07 -150.58 -127.91
-7.94 -152.96 -124.91
-9.89 -155. -121.01
-12.27 -155.79 -116.51

RLS - closed
1.28 -149.56 -118.91
1.98 -149.46 -120.14
3.05 -149.49 -121.42
3.69 -149.81 -121.19
5.08 -150.7 -120.09
6.72 -151.8 -118.65
8.11 -152.89 -116.93
8.7 -153.61 -115.34
8.65 -154.13 -113.64
7.95 -154.37 -111.97
6.43 -154.56 -109.42
5.21 -154.55 -107.89
4.17 -154.56 -106.52
4.06 -154.18 -107.61
3.89 -153.56 -109.39
3.56 -152.38 -112.77
3.33 -151.73 -114.56
2.82 -151.03 -116.17
2.11 -150.37 -117.36
1.38 -149.81 -118.26

RNS - closed
1.51 -149.31 -119.46
2.78 -149.2 -121.15
2.93 -149.57 -122.44
1.8 -150.69 -123.78
0.05 -152.05 -124.8
-1.92 -153.24 -125.01
-3.82 -154.24 -124.78
-6.32 -155.23 -123.56
-8.01 -155.73 -122.27
-9.88 -155.9 -119.79
-10.96 -155.95 -118.24
-11.56 -155.84 -116.96
-10.76 -155.44 -117.12
-8.73 -154.6 -117.99
-6.69 -153.61 -118.46
-4.54 -152.54 -118.89
-2.19 -151.35 -119.31
-0.65 -150.48 -119.31
0.94 -149.54 -119.21

LNS - closed
1.27 -149.04 -119.27
2.08 -148.89 -120.45
3.04 -148.75 -121.85
3.17 -147.62 -122.24
2.6 -145.13 -121.89
1.8 -143.03 -121.13
0.66 -141.25 -119.83
-0.29 -140.43 -118.63
-1.44 -139.64 -117.13
-2.54 -139.3 -115.62
-3.33 -139.17 -114.51
-3.87 -139.12 -113.75
-3.31 -139.85 -114.41
-2.33 -140.9 -115.63
-1.25 -142.57 -116.86
-0.61 -144.2 -117.48
0.25 -146.33 -118.3
0.75 -147.85 -118.73
1.04 -148.63 -119.

