n33

R
0.4723 -205.788 -209.658

L
5.5041 -186.177 -200.441

N
-10.637 -190.336 -217.788

RLC
-7.4271 -200.488 -185.747

RNC
-26.095 -203.91 -203.163

LNC
-18.3078 -183.256 -197.286

BR - closed
-9.81 -188.74 -216.54
-6.23 -184.79 -212.06
-1.22 -184.05 -206.79
3.21 -184.85 -202.43
7.53 -188.74 -198.83
8.3 -195.02 -199.36
5.83 -201.42 -203.21
1.74 -204.95 -208.12
-3.44 -205.62 -213.54
-9. -201.35 -218.33
-11.36 -195. -219.43

RGH
0.48 -205.86 -209.62
-1.77 -202.78 -207.94
-3.89 -199.39 -206.43
-5.79 -196.3 -205.08
-6.81 -195.31 -204.26
-8.68 -195.58 -202.48

LGH
5.33 -186.1 -200.45
2.57 -187.93 -201.2
-0.13 -189.87 -202.29
-3.68 -192.44 -203.78
-5.49 -193.57 -204.07
-6.75 -194.02 -203.41
-7.92 -194.28 -202.38

NGH
-10.68 -190.35 -217.84
-9.91 -191.34 -214.6
-9.12 -192.37 -211.22
-7.58 -193.72 -206.98
-7.53 -194.27 -205.06
-8.92 -194.54 -203.68

RCI
-25.96 -204.02 -203.15
-19.18 -203.29 -210.72
-12.3 -204.26 -212.69
-7.01 -205.15 -212.54
-1.99 -205.6 -211.24
0.23 -205.69 -209.66
2.02 -204.53 -204.61
1.3 -203.41 -199.26
-0.15 -202.97 -195.38
-2.69 -202.45 -191.91
-7.56 -200.35 -185.97

LCI
-7.56 -200.4 -185.98
-0.79 -199.45 -191.14
3.26 -195.86 -194.42
5.42 -191.84 -197.27
4.81 -186.41 -200.93
0.11 -184.94 -202.23
-4.81 -183.7 -202.54
-10.52 -182.11 -201.54
-18.23 -183.37 -197.18

NCI
-18.26 -183.33 -197.27
-13.64 -182.5 -202.56
-10.32 -183.99 -208.33
-9.36 -186.42 -213.79
-10.46 -190.24 -217.58
-13.3 -195.98 -217.51
-16.35 -200.55 -214.17
-21.38 -203. -209.81
-26.15 -203.79 -203.28

RLS - closed
-7.42 -201.15 -186.97
-6.64 -200.17 -189.64
-6.16 -198.89 -192.84
-6.37 -196.94 -197.22
-7.06 -195.6 -199.97
-7.58 -194.56 -202.12
-7.19 -194.23 -203.08
-6.15 -194.16 -203.76
-4.82 -194.81 -202.95
-2.95 -196.04 -201.05
-1.36 -197.8 -197.79
-1.33 -198.89 -195.3
-2. -199.99 -192.41
-3.19 -200.46 -190.71
-4.77 -200.9 -188.91
-6.17 -201.13 -187.65

RNS - closed
-7.27 -194.47 -204.6
-7.98 -195.71 -206.93
-10.52 -198.02 -209.4
-13.91 -200.41 -210.78
-17.43 -202.19 -210.25
-21.25 -203.64 -208.38
-23.52 -204.21 -206.45
-25.14 -204.54 -204.87
-25.78 -204.61 -204.07
-23.29 -203.39 -204.54
-20.3 -201.94 -205.14
-17.06 -200.17 -205.26
-13.89 -198.29 -204.94
-10.56 -196.14 -204.14
-8.68 -194.81 -203.38

LNS - closed
-7.65 -194.17 -203.25
-6.79 -193.91 -204.12
-6.76 -191.6 -204.79
-7.91 -187.98 -204.76
-9.76 -185.57 -203.74
-12.55 -183.4 -201.78
-14.71 -182.66 -200.
-16.48 -182.68 -198.37
-17.69 -183.18 -197.11
-16.96 -183.84 -197.6
-15.63 -185.01 -198.49
-13.55 -186.86 -199.88
-11.7 -188.61 -201.09
-10.14 -190.39 -202.03
-8.87 -191.97 -202.74
-8.24 -193.25 -202.97

