n39

R
8.8602 -204.952 -193.694

L
18.3239 -183.955 -184.008

N
3.1291 -182.321 -205.685

RLC
2.741 -196.82 -173.343

RNC
-15.4396 -194.369 -190.133

LNC
-3.4958 -177.871 -182.587

BR - closed
7.06 -180.5 -201.41
11.72 -178.76 -195.17
16.33 -179.22 -188.59
18.96 -183.91 -184.08
20.41 -189.78 -181.01
18.98 -197.85 -181.63
14.9 -203.82 -186.34
10.05 -205.07 -192.95
5.16 -203.07 -200.19
1.32 -196.25 -206.77
-0.06 -189.7 -209.85
2.05 -183.86 -207.89

RGH
8.84 -204.97 -193.5
8.71 -201.52 -193.13
8.58 -197.06 -192.67
8.24 -193.21 -192.11
7.13 -191.76 -191.17
5.15 -191.54 -189.7

LGH
18.3 -183.97 -184.17
16.53 -185.52 -185.96
14.02 -187.42 -187.97
10.93 -189.45 -189.87
8.16 -190.82 -190.81
5.71 -190.98 -189.75

NGH
3.09 -182.39 -205.5
4.57 -184.77 -202.02
6.59 -187.75 -197.79
7.94 -190.25 -193.94
7.49 -190.91 -192.13
5.52 -190.68 -190.66

RCI
-15.4 -194.26 -190.24
-10.84 -196.32 -197.2
-4.8 -199.21 -199.42
2.47 -202.94 -198.13
8.91 -205.31 -193.83
10.9 -203.35 -186.68
9.46 -199.7 -179.96
2.96 -197.07 -173.28

LCI
2.87 -196.95 -173.18
8.88 -197.24 -176.93
14.31 -195.28 -179.62
18.91 -189.55 -181.2
18.5 -184.07 -183.96
14.78 -180.72 -187.46
10.24 -179.75 -188.66
4.37 -177.6 -187.35
-3.53 -177.87 -182.58

NCI
-3.46 -177.88 -182.45
3.44 -177.46 -189.34
6.34 -178.99 -195.11
5.77 -180.95 -201.37
3.02 -183.57 -205.47
-1.19 -188.17 -207.29
-4.76 -192.74 -203.84
-10.8 -194.95 -198.13
-15.28 -194.33 -190.45

RLS - closed
7.22 -191.23 -190.12
8.73 -191.56 -190.86
9.79 -192.8 -189.15
10.06 -194.3 -186.05
10.63 -196.07 -182.66
10.53 -197.23 -179.95
9.05 -197.64 -177.59
6.96 -197.6 -175.61
5.1 -197.13 -174.84
3.26 -196.8 -173.75
4.15 -196.42 -175.48
5.15 -195.64 -178.22
5.69 -194.89 -180.42
6.1 -194.14 -182.52
6.24 -193.15 -184.87
6.48 -192.54 -186.47
6.57 -191.94 -187.9
6.55 -191.3 -189.32

RNS - closed
6.02 -191.12 -191.28
7.36 -191.48 -192.71
6.01 -192.62 -194.88
2.28 -194.3 -197.37
-2.28 -196. -199.57
-7.85 -196.78 -199.16
-11.49 -196.8 -197.7
-14.23 -195.95 -194.51
-14.98 -195.17 -192.32
-15.12 -194.49 -190.63
-12.48 -194.25 -191.15
-8.55 -194.02 -192.22
-0.9 -192.65 -192.1
2.47 -191.72 -191.25
4.95 -191.13 -190.87

LNS - closed
6.43 -190.07 -190.71
7.79 -189.87 -191.66
8.37 -187.19 -191.94
8. -182.86 -191.48
6.49 -179.86 -190.29
3.86 -177.37 -188.32
1.41 -176.75 -186.57
-0.89 -176.89 -184.95
-2.46 -177.44 -183.87
-3.2 -177.93 -183.37
-1.47 -179.15 -184.65
0.91 -180.77 -186.4
2.88 -183.02 -187.89
4.12 -184.81 -188.84
5.29 -186.86 -189.76
5.9 -188.47 -190.26
5.98 -189.44 -190.36

