n38

R
34.692 -175.407 -146.41

L
34.4953 -154.409 -143.832

N
16.9826 -162.877 -159.891

RLC
28.2599 -166.852 -125.033

RNC
11.2827 -180.236 -138.599

LNC
11.7254 -153.615 -136.947

BR - closed
22.57 -156.05 -154.86
29.21 -153.72 -148.89
35.28 -154.47 -143.81
39.44 -158.77 -140.81
40.32 -166.64 -141.09
36.32 -173.74 -145.43
31.66 -177.22 -149.87
25.49 -175.26 -154.88
20.05 -172.06 -159.1
17.41 -166.1 -160.58
18.02 -160.23 -159.29

RGH
34.84 -175.34 -146.35
32.29 -173.08 -145.35
30.28 -170.98 -144.8
27.94 -167.56 -144.88
26.26 -165.97 -144.29
24.6 -166.03 -142.51

LGH
34.49 -154.4 -143.87
32.54 -157. -144.1
30.44 -159.92 -144.52
28.36 -162.78 -144.87
26.53 -164.57 -144.24
25.37 -165.23 -143.22
24.56 -165.38 -142.11

NGH
17. -162.94 -159.82
19.78 -163.39 -157.18
21.76 -164.04 -153.62
24.94 -164.82 -149.23
25.88 -165.46 -145.91
24.49 -166.1 -142.9

RCI
11.15 -180. -138.68
18.57 -178.83 -147.67
24.95 -177.9 -148.62
30.08 -177.38 -148.73
34.73 -175.47 -146.48
36.73 -171.84 -141.45
35.71 -169.73 -136.55
32.99 -168.36 -131.09
28.31 -166.83 -125.09

LCI
28.17 -166.82 -124.91
32.81 -166.38 -130.8
36.14 -163.86 -135.64
36.78 -158.53 -139.76
34.46 -154.46 -143.83
29.5 -153.62 -145.85
23.69 -153.03 -145.75
17.59 -152.65 -143.21
11.71 -153.5 -136.88

NCI
11.68 -153.5 -136.81
14.82 -153.17 -142.93
17.93 -155.02 -150.11
18.1 -158.09 -156.03
17.39 -162.72 -159.73
17.29 -167.7 -159.71
18.06 -172.22 -156.65
16.98 -176.05 -151.65
14.28 -178.49 -146.03
11.26 -180.04 -138.65

RLS - closed
28.41 -166.15 -143.95
30.44 -166.11 -142.15
32.11 -166.22 -138.72
33.14 -166.38 -135.09
32.81 -166.57 -132.53
31.95 -166.79 -130.34
30.55 -167.02 -128.36
28.69 -167.34 -125.7
28.5 -167.23 -127.56
28.2 -167.04 -130.7
27.93 -166.86 -133.82
27.23 -166.71 -136.87
26.52 -166.62 -138.91
25.44 -166.55 -141.21
24.48 -166.51 -142.88
25.5 -166.34 -144.41
26.26 -166.21 -145.43

RNS - closed
24.56 -165.75 -144.21
25.68 -165.69 -145.63
25.67 -167.17 -146.99
24.11 -170.19 -147.71
21.26 -173.89 -147.38
17.71 -176.49 -145.12
14.76 -178.47 -143.07
13.17 -179.25 -141.7
11.25 -179.68 -139.58
11.95 -178.85 -139.74
13.75 -177.03 -140.42
15.89 -174.99 -141.35
19.16 -171.85 -142.75
21.58 -169.1 -143.38
23.42 -166.94 -143.81

LNS - closed
24.95 -165.31 -143.55
26.3 -165.13 -145.1
26.07 -163.11 -146.23
23.84 -159.92 -146.
20.98 -156.02 -145.58
18.69 -154.01 -144.5
16.32 -153.31 -142.44
14.32 -153.49 -140.18
12.25 -153.69 -137.84
12.79 -154.15 -138.1
14.55 -155.43 -139.12
16.97 -157.45 -140.34
19.39 -159.79 -141.34
22.36 -162.56 -142.64
24.07 -164.45 -143.19

