n31

R
13.1537 -186.337 1384.52

L
18.5051 -167.453 1394.

N
5.4021 -170.405 1379.63

RLC
6.9423 -182.761 1405.46

RNC
-10.3603 -184.402 1389.59

LNC
-1.2045 -164.003 1397.24

BR - closed
12.86 -165.17 1387.73
17.33 -166.25 1392.22
20.86 -169.8 1395.19
21.64 -175.3 1394.88
19.46 -180.8 1391.47
15.28 -184.66 1386.29
10.21 -185.08 1380.88
6.33 -181.1 1377.61
4.32 -176.65 1376.41
4.96 -172.23 1377.99
7.16 -168.52 1381.06
9.87 -166.18 1384.39

RGH
13.23 -186.41 1384.68
11.68 -182.86 1386.09
9.95 -179. 1387.68
8.78 -176.9 1388.76
7.8 -176.41 1389.71
6.41 -176.74 1391.07

LGH
18.37 -167.58 1394.02
16.31 -169.3 1392.83
13.69 -171.4 1391.56
10.04 -174.32 1389.78
8.25 -175.37 1389.9
6.52 -175.83 1391.48

NGH
5.39 -170.31 1379.74
6.04 -171.95 1382.25
7.03 -173.95 1385.21
7.44 -175.29 1387.35
6.86 -176.03 1388.98
5.49 -176.39 1390.39

RCI
-10.49 -184.48 1389.72
-6.42 -183.79 1386.52
-2.19 -184.41 1384.17
3.92 -185.17 1383.03
7.9 -185.23 1382.74
12.93 -186.01 1384.41
14.46 -185.77 1388.07
14.09 -184.3 1392.64
13.19 -184.01 1396.4
11.26 -184.1 1400.61
6.69 -182.81 1405.26

LCI
6.71 -182.81 1405.24
12.25 -182. 1401.85
15.25 -180.02 1398.53
17.71 -176.94 1396.64
19.39 -172.76 1395.73
18.53 -168.12 1394.06
14.35 -166.04 1392.33
10.21 -165.58 1392.35
5.04 -163.93 1393.91
-1.02 -163.91 1397.31

NCI
-1.18 -163.92 1397.43
2.15 -164.63 1393.27
4.39 -165.18 1389.5
6.4 -166.78 1385.
6.75 -168.37 1381.74
5.57 -170.6 1379.75
2.64 -175.11 1378.98
0.07 -178.47 1380.68
-3.82 -181.53 1383.44
-6.7 -182.9 1386.34
-10.35 -184.27 1389.49

RLS - closed
9.25 -176.01 1388.69
11.45 -177.96 1390.89
13.41 -180.66 1394.59
13.62 -182.04 1396.97
12.36 -182.95 1399.36
10.07 -183.78 1402.24
7.99 -183.95 1403.79
6.54 -183.97 1404.7
7.22 -182.43 1401.51
7.72 -181.01 1398.64
7.88 -179.66 1396.11
7.8 -178.2 1393.51
7.26 -177.04 1391.73
6.67 -176.51 1391.14

RNS - closed
7.55 -176.9 1385.9
4.65 -178.72 1384.15
1.46 -180.5 1382.98
-2.01 -182.13 1382.83
-5.13 -182.97 1384.97
-8.15 -183.67 1387.43
-10.17 -184.06 1389.35
-6.87 -182.62 1389.09
-3.05 -180.74 1389.57
0.48 -179.12 1389.59
3.62 -177.58 1389.97
5.21 -176.61 1390.85
6.21 -176.07 1391.13
8.68 -175.75 1388.21

LNS - closed
8.94 -175.03 1388.82
8.76 -171.34 1389.09
8.35 -167.67 1389.58
6.89 -165.51 1391.05
5.32 -164.16 1392.58
3.29 -163.96 1394.53
1.15 -164.01 1396.58
-0.43 -163.94 1398.09
1.19 -166.1 1396.48
2.66 -168.26 1395.02
4.2 -170.75 1393.48
5.32 -172.55 1392.35
6.45 -175.43 1391.2
7.79 -175.23 1389.92

