n36

R
13.4756 -190.535 1379.56

L
24.9188 -175.084 1389.14

N
10.66 -168.289 1377.52

RLC
12.2563 -187.335 1401.87

RNC
-9.0108 -180.888 1391.52

LNC
8.2502 -164.277 1398.13

BR - closed
21.46 -166.72 1384.53
24.48 -167.49 1386.99
25.55 -170.39 1387.84
26.19 -174.24 1388.32
26.4 -179.21 1388.43
24.65 -183.14 1386.94
21.61 -187.1 1384.4
17.64 -189.96 1381.11
14.05 -190.2 1378.16
10.63 -188.35 1375.37
7.97 -184.39 1373.23
6.47 -178.51 1372.08
6.18 -173.79 1371.9
7.57 -170.79 1373.07
9.95 -169.02 1375.05
13.13 -167.58 1377.68
17.65 -166.81 1381.4

RGH
13.46 -190.6 1379.69
13.62 -185.99 1381.6
12.45 -182.83 1384.46
11.86 -179.8 1386.56
11.34 -178.88 1387.6
10.38 -178.83 1388.79

LGH
24.95 -175.06 1389.13
21.85 -175.78 1388.72
17.72 -176.75 1388.02
14.14 -177.55 1387.72
12.58 -177.76 1388.37
11.3 -177.72 1390.21

NGH
10.65 -168.31 1377.62
11.08 -170.27 1379.43
11.54 -172.86 1381.96
11.55 -175.19 1384.71
11.42 -176.93 1386.94
10.08 -177.39 1389.09

RCI
-8.85 -180.87 1391.89
-5.41 -181.23 1387.45
-1.2 -183.06 1382.79
2.28 -185.35 1380.99
6.57 -187.72 1380.2
10.4 -189.89 1378.94
13.47 -190.28 1379.64
15.42 -190.37 1383.05
15.99 -189.18 1387.32
15.84 -188.8 1392.14
14.35 -188.01 1396.52
12.23 -187.39 1401.96

LCI
12.27 -187.34 1402.06
15.41 -186.98 1396.8
18.95 -185.24 1393.52
22.32 -182.03 1390.87
24.5 -178.41 1389.71
24.85 -175.21 1389.24
23.42 -171.63 1389.09
20.18 -169.23 1389.63
17.11 -167.46 1390.6
13.55 -165.91 1393.15
8.22 -164.33 1398.14

NCI
8.29 -164.35 1398.16
11.87 -165.28 1392.67
13.22 -165.43 1388.13
13.4 -166.34 1382.47
12.48 -167.78 1379.42
10.8 -168.61 1377.76
7.44 -170.65 1376.49
3.82 -173.37 1376.88
0.88 -176.11 1379.17
-1.89 -178.38 1381.59
-4.56 -179.92 1385.45
-8.78 -180.79 1391.76

RLS - closed
10.45 -177.75 1389.5
12.6 -177.5 1386.93
14.75 -180.69 1388.44
16.42 -185.05 1391.86
15.34 -187.69 1396.15
13.26 -188.31 1399.1
11.43 -188.32 1401.05
11.97 -185.44 1397.04
11.97 -182.58 1393.65
11.26 -179.54 1390.78

RNS - closed
10.72 -178.47 1389.61
12.76 -178.28 1387.08
10.47 -178.86 1384.47
6.99 -179.62 1382.27
2. -180.5 1382.21
-2.4 -181.17 1383.59
-5.92 -181.54 1387.38
-8.81 -181.77 1391.5
-2.3 -180.68 1390.61
4.87 -179.49 1389.65
8.79 -178.83 1389.3

LNS - closed
10.23 -178.27 1389.51
12.32 -178.06 1386.81
13.28 -175.06 1386.82
13.9 -170.47 1387.98
13.23 -166.62 1390.55
11.94 -164.9 1393.02
10.09 -164.28 1395.75
8.36 -164.27 1398.07
9.41 -168.02 1395.04
9.86 -171.92 1392.76
10.33 -175.14 1390.72

