n3

R
28.7511 -168.559 1470.13

L
34.8843 -153.671 1478.89

N
21.7756 -152.258 1464.49

RLC
23.377 -166.93 1489.03

RNC
8.118 -166.631 1474.79

LNC
15.1068 -147.548 1482.54

BR - closed
26.31 -149.41 1469.52
30.52 -148.96 1474.27
34.58 -152.05 1478.39
36.8 -157.12 1480.2
36.77 -161.47 1479.6
33.43 -165.6 1475.34
29.4 -167.88 1470.56
25.18 -166.81 1466.01
21.12 -161.38 1462.2
20.08 -155.99 1461.74
22.54 -151.94 1465.

RGH
28.71 -168.61 1470.21
27.74 -166.23 1471.33
26.44 -163.38 1472.79
25.26 -160.36 1474.16
24.61 -159.26 1474.86
23.07 -159.29 1476.32

LGH
34.84 -153.51 1478.82
32.56 -154.71 1477.93
29.95 -156.11 1476.81
26.06 -158.15 1475.24
24.4 -158.8 1475.33
23.2 -158.93 1476.56

NGH
21.73 -152.37 1464.5
22.85 -153.87 1466.65
23.32 -155.67 1469.8
24.59 -157.34 1472.17
24.77 -158.42 1474.15
22.84 -158.81 1476.23

RCI
8.25 -166.67 1474.76
13.94 -166.55 1470.38
19.17 -166.95 1468.54
24.49 -167.57 1468.53
28.49 -168.09 1470.18
30.5 -167.38 1474.24
30.89 -167.61 1479.01
29.35 -167.02 1481.97
27.44 -167.11 1485.18
23.65 -166.97 1488.66

LCI
23.44 -166.84 1488.99
27.02 -166.04 1486.15
32.26 -163.01 1482.99
35.18 -159.24 1481.48
35.13 -153.91 1478.87
30.51 -150.65 1477.83
25.81 -149.04 1478.2
21.16 -148. 1479.75
15.15 -147.67 1482.45

NCI
15.09 -147.66 1482.57
20.2 -147.91 1477.45
22.86 -148.73 1472.9
23.75 -150.16 1468.74
21.97 -152.69 1464.54
18.74 -156.87 1463.37
16.64 -161.08 1465.65
12.85 -164.49 1469.72
8.1 -166.62 1474.84

RLS - closed
23.69 -159.27 1476.39
24.81 -159.18 1475.45
25.81 -159.58 1475.45
27.22 -160.7 1476.4
28.51 -162.27 1478.19
29.15 -164.14 1480.98
28.94 -165.52 1483.5
27.95 -166.25 1485.45
26.16 -166.52 1487.15
24.62 -166.57 1488.32
23.82 -166.66 1489.03
23.72 -166.17 1488.26
23.94 -165.31 1486.62
24.02 -164.13 1484.53
23.98 -163.34 1483.19
24.08 -162.26 1481.27
24. -161.06 1479.26
24.01 -160.16 1477.69

RNS - closed
23.23 -158.98 1475.36
24.45 -158.91 1474.07
24.27 -159.55 1472.63
23.03 -160.81 1470.83
20.31 -162.72 1469.13
17.89 -163.87 1469.05
15.12 -164.92 1469.64
12.97 -165.46 1470.82
11.38 -165.88 1471.63
9.51 -166.14 1473.21
8.46 -166.21 1474.28
9.29 -165.68 1474.68
11.17 -164.74 1474.86
13.86 -163.39 1475.15
16.24 -162.29 1475.14
18.95 -161.06 1475.09
21.12 -160.04 1475.13
22.51 -159.29 1475.42

LNS - closed
23.2 -158.83 1476.07
24.62 -158.61 1474.8
25.54 -157.39 1473.9
25.25 -154.47 1474.
24.09 -151.33 1474.87
22.59 -148.3 1476.04
20.25 -147.32 1478.07
18.27 -147.18 1479.83
16.57 -147.5 1481.37
15.73 -147.62 1482.12
16.59 -148.69 1481.41
17.93 -150.07 1480.3
19.16 -152.25 1479.31
20.56 -153.88 1478.15
22. -156.13 1477.
22.71 -157.72 1476.44

