n30

R
27.4687 -183.745 1621.35

L
32.021 -169.375 1634.2

N
21.1067 -167.372 1614.68

RLC
18.2704 -185.912 1647.4

RNC
-2.1886 -184.481 1624.81

LNC
7.3509 -160.831 1637.74

BR - closed
22.82 -165.56 1617.54
25.17 -162.93 1622.7
28.02 -162.17 1628.2
30.47 -164.06 1632.13
32.31 -168.49 1634.16
32.95 -172.92 1633.96
32.2 -175.79 1631.69
30.35 -179.02 1627.28
28.64 -181.62 1623.32
27.64 -183.37 1620.94
26.08 -183.82 1617.9
24.62 -182.75 1615.55
23.03 -182.27 1612.76
21. -178.73 1610.11
19.55 -174.8 1608.65
19.73 -171.07 1610.14
21.27 -168.69 1613.71

RGH
27.5 -183.68 1621.36
24.37 -182.88 1623.39
21.53 -180.03 1625.61
19.98 -176.45 1627.17
18.6 -175.4 1628.19
17.22 -175.61 1628.99

LGH
32.03 -169.46 1634.3
28.69 -170.77 1633.07
24.87 -172.36 1631.32
21.14 -173.84 1629.88
19.02 -174.67 1629.12
17.29 -175.02 1629.78

NGH
21.05 -167.39 1614.74
21.27 -169.13 1617.52
19.17 -171.05 1621.35
18.7 -173.83 1626.04
18.15 -174.79 1627.8
16.62 -175.06 1628.73

RCI
-2.37 -184.42 1625.19
4.15 -183.95 1620.07
10.85 -183.34 1617.6
15.9 -184.23 1617.39
21.92 -185.19 1618.32
25.26 -184.66 1619.54
27.23 -183.79 1621.25
27.15 -183.18 1625.44
27.63 -184.53 1630.46
25.97 -185.94 1635.84
23.36 -186.35 1640.88
18.23 -185.99 1647.29

LCI
18.1 -185.92 1647.5
22.43 -184.98 1643.57
26.94 -182.57 1639.63
30.19 -178.36 1636.41
32.12 -173.98 1634.98
31.74 -169.26 1634.16
28.67 -165.36 1633.55
24.42 -163.3 1632.62
19.2 -161.32 1632.71
14.08 -160.59 1634.36
7.43 -160.81 1637.65

NCI
7.15 -160.88 1637.88
12.4 -160.73 1634.23
17.11 -160.99 1630.1
20.4 -162.55 1624.91
22.08 -164.69 1619.76
21.23 -167.93 1615.41
18.14 -171.16 1612.6
14.61 -175.66 1613.74
11.2 -178.75 1615.85
5.91 -182.12 1618.68
-2.2 -184.43 1625.05

RLS - closed
17.4 -175.68 1629.35
19.37 -175.48 1627.95
22.04 -177.37 1630.15
24.65 -180.17 1634.11
25.83 -182.07 1637.12
25.22 -183.79 1640.73
22.35 -184.8 1644.15
18.24 -185.56 1647.74
18.91 -183.34 1643.15
19.18 -180.52 1637.65
19.06 -178.34 1633.56
18.08 -176.73 1630.99

RNS - closed
17.15 -174.99 1628.2
18.89 -174.64 1627.39
17.34 -177.01 1623.25
14.2 -179.72 1619.77
9.35 -182.05 1618.82
5.42 -183.48 1619.13
2.06 -184.01 1621.04
-2.12 -184.12 1624.7
3.44 -181.62 1625.39
9. -178.85 1626.72
14.33 -176.35 1627.62

LNS - closed
17.33 -174.74 1628.45
18.87 -174.31 1627.64
19.68 -171.44 1627.78
19.11 -166.76 1629.07
16.93 -162.68 1631.17
15.42 -161.14 1632.36
12.58 -160.62 1634.11
9.21 -160.82 1636.01
7.06 -160.93 1637.23
9.44 -163.6 1635.3
12.16 -166.51 1633.13
14.76 -170.93 1630.72
16.42 -173.44 1629.24

