n34

R
27.1007 -158.973 172.783

L
30.8109 -146.477 180.78

N
18.9852 -143.047 165.5

RLC
18.5876 -159.457 192.067

RNC
2.98 -158.92 174.999

LNC
10.9808 -140.48 185.155

BR - closed
26.82 -139.45 173.59
29.41 -138.93 177.23
30.96 -140.53 178.97
32.2 -144.52 179.71
32.74 -148.94 179.41
32.84 -151.65 178.9
32.04 -153.94 177.27
30.22 -156.71 174.14
28.57 -158.26 171.54
26.64 -158.48 168.85
24.81 -158.08 166.46
22.32 -155.99 163.56
20.69 -154.37 161.73
19.39 -152.25 160.46
18.76 -150.86 159.93
18. -148.5 159.45
18.1 -146.45 160.07
18.97 -144.38 161.75
20.7 -142.61 164.52
22.41 -140.71 167.29
24.86 -139.86 170.83

RGH
27.05 -158.97 172.81
25.18 -157.23 173.94
22.9 -155.27 175.34
21.19 -152.29 176.19
19.72 -151.35 177.13
18.2 -151.64 178.27

LGH
30.78 -146.61 180.85
28.54 -147.47 179.54
24.81 -148.7 178.74
21.67 -149.77 177.84
20.19 -150.22 177.76
18.69 -150.5 178.92

NGH
18.94 -142.99 165.45
19.85 -144.37 167.23
19.5 -146.02 170.02
19.5 -148.16 173.44
19.7 -149.47 175.43
17.85 -150.17 177.37

RCI
3. -158.84 175.12
6.95 -158.5 171.61
12.01 -158.25 169.44
17.05 -159.03 169.17
21.48 -159.22 170.05
24.97 -158.99 171.52
26.72 -158.79 172.86
27.72 -158.41 176.
27.01 -158.35 180.51
24.31 -158.57 185.06
22.02 -159.12 188.08
18.57 -159.5 192.03

LCI
18.54 -159.5 192.09
22.65 -158.06 188.32
27.25 -155.64 184.65
29.56 -152.79 182.51
30.93 -148.99 181.12
30.72 -146.53 180.69
28.74 -143.53 180.36
24.68 -141.13 180.44
20.16 -139.9 181.29
16.1 -139.37 182.6
11.09 -140.71 185.2

NCI
10.96 -140.73 185.19
15.02 -139.4 182.02
18. -139.22 176.76
19.02 -141.06 171.54
19.59 -142.44 167.72
19.29 -143.54 166.09
17.43 -145.86 164.2
15.14 -148.73 164.13
13.37 -151.84 165.32
11. -155.04 168.34
7.38 -157.51 170.56
3.03 -158.81 175.08

RLS - closed
18.16 -150.72 177.69
20.45 -150.44 176.04
22.76 -152.13 177.59
24.84 -154.33 180.11
25.32 -156.76 183.83
24.15 -157.89 186.3
22.73 -158.62 188.25
20.51 -159.03 190.09
18.52 -159.53 191.96
18.91 -157.05 187.69
19.4 -154.51 183.27
19.15 -152.33 179.82

RNS - closed
18.1 -150.71 177.6
20.33 -150.33 175.96
19.77 -151.67 173.35
17.82 -153.41 171.39
15.17 -155.2 170.11
11.5 -157.05 169.88
9.21 -157.91 170.42
6.09 -158.44 172.74
3.01 -158.99 174.97
5.11 -158.01 174.93
8.84 -156.02 175.42
13.57 -153.67 175.66
16.54 -151.97 176.35

LNS - closed
17.69 -150.2 177.43
20.22 -149.59 175.31
20.37 -145.61 176.04
18.76 -142.09 178.22
17.25 -140.04 180.01
14.86 -139.7 182.21
12.81 -140.27 183.9
11.24 -140.79 185.19
13.69 -143.66 182.39
15.52 -145.68 180.33
17.23 -148.52 178.2

