n49

R
31.8126 -210.25 1256.22

L
35.6406 -188.381 1265.31

N
20.1672 -195.118 1245.88

RLC
26.0514 -206.448 1275.14

RNC
7.4885 -210.971 1257.83

LNC
13.6253 -188.036 1266.18

BR - closed
20.93 -197.94 1244.04
23.49 -191.4 1248.41
27.32 -187.2 1253.76
31.17 -185.99 1258.49
34.28 -186.3 1262.05
37.02 -187.71 1264.94
37.81 -191.65 1265.03
37.5 -197.26 1263.47
36.74 -203.05 1261.37
35.16 -207.89 1258.5
31.08 -210.69 1253.16
27.89 -211.23 1249.33
24.62 -209.01 1246.
21.28 -203.65 1243.24

RGH
31.42 -210.28 1255.96
29.92 -207.2 1256.7
27.66 -202.98 1257.87
26.38 -200.23 1258.48
24.86 -199.83 1259.64
23.25 -200.08 1260.98

LGH
35.63 -188.54 1265.3
34.07 -191.04 1262.76
31.37 -194.38 1260.08
27.91 -197.48 1258.7
25.96 -198.78 1258.72
23.18 -199.4 1260.88

NGH
20.2 -195.12 1245.95
21.78 -196.01 1248.23
24.12 -197.54 1252.24
25.17 -198.9 1256.08
24.09 -199.52 1258.22
22.34 -199.84 1259.62

RCI
7.42 -210.92 1257.85
13.8 -211.17 1252.63
19.74 -211.14 1251.56
24.63 -211.53 1251.23
28.37 -211.57 1252.55
31.56 -210.02 1255.77
33.17 -207.61 1260.93
32.66 -206.82 1266.2
30.19 -206.65 1271.11
26. -206.42 1275.21

LCI
26.03 -206.34 1275.2
31.18 -203.48 1270.93
34.7 -199.74 1266.23
36.27 -195.18 1265.42
35.88 -188.42 1265.27
31.45 -187.59 1262.55
27.24 -187.69 1261.48
21.65 -186.88 1262.75
13.6 -188.12 1266.27

NCI
13.55 -188.12 1266.25
16.86 -187.69 1262.51
20.06 -188.1 1257.51
22.28 -190.28 1253.47
22.26 -191.92 1249.57
20.62 -195.16 1246.18
19.07 -200.64 1245.99
16.19 -205.3 1247.67
12.16 -208.52 1252.44
7.4 -210.86 1257.8

RLS - closed
24.26 -199.4 1259.95
25.58 -199.08 1258.63
27.1 -199.25 1258.41
29.07 -200.35 1260.22
30.5 -202.03 1263.65
31.66 -203.57 1266.87
31.64 -204.58 1269.31
30.3 -205.17 1271.29
28.21 -205.52 1273.02
26.2 -205.86 1274.68
26.11 -205.19 1273.1
26.05 -204.22 1270.79
25.89 -203.21 1268.45
25.5 -202.17 1266.1
25.16 -201.09 1263.65
24.81 -200.04 1261.27

RNS - closed
24.04 -200.1 1259.96
25.53 -199.8 1258.74
25.85 -200.1 1257.66
24.53 -201.55 1256.07
22.05 -203.87 1253.99
19.4 -205.85 1252.93
16.35 -207.77 1252.48
12.47 -209.49 1253.54
10.41 -209.99 1255.03
7.62 -210.52 1257.37
9.1 -209.6 1257.57
13.32 -207.11 1257.81
17.52 -204.65 1258.
21.46 -202.06 1258.82
22.91 -201.01 1259.34

LNS - closed
24.67 -200.09 1259.79
26.31 -199.47 1258.33
26.46 -197.42 1257.8
25.62 -194.52 1257.92
24.16 -192.23 1258.67
22.46 -189.7 1259.58
20.54 -188.34 1260.89
18.45 -187.76 1262.5
16.36 -187.93 1264.26
14.11 -188.18 1266.16
16.13 -190. 1264.85
18.52 -192.5 1263.37
21.33 -195.78 1261.7
22.88 -197.37 1260.73
23.77 -198.92 1260.3

