n46

R
21.659 -169.405 -199.574

L
29.3749 -158.105 -188.913

N
16.969 -154.165 -202.774

RLC
19.2635 -170.173 -181.454

RNC
2.6677 -166.429 -196.247

LNC
12.0119 -152.158 -184.289

BR - closed
24.52 -153.94 -194.8
27.94 -155.01 -190.97
29.95 -157.85 -189.06
29.85 -162.36 -189.84
27.14 -166.52 -193.61
23.11 -168.72 -198.64
18.57 -168.14 -203.83
15.69 -163.74 -206.53
15.3 -158.42 -206.19
17.55 -154.68 -203.02
21.24 -153.76 -198.59

RGH
21.58 -169.43 -199.54
20.48 -166.98 -197.62
19.35 -164.11 -195.52
18.83 -162.84 -194.57
17.68 -162.51 -193.38
15.96 -162.94 -191.94

LGH
29.31 -157.92 -188.78
26.54 -158.87 -190.16
23.13 -160. -191.46
20.34 -160.96 -192.79
18.42 -161.46 -192.41
17.17 -161.66 -191.23

NGH
17. -154.26 -202.63
17.73 -155.68 -201.1
17.67 -157.39 -198.65
18.37 -159.73 -195.78
18.05 -160.9 -193.95
16.2 -161.32 -192.21

RCI
2.83 -166.48 -196.3
7.88 -165.82 -200.7
11.92 -166.78 -202.36
17.14 -169.07 -201.79
21.49 -168.98 -199.36
23.91 -168.92 -195.39
24.08 -168.79 -190.87
22.49 -168.95 -186.96
19.31 -170.1 -181.48

LCI
19.27 -170.13 -181.42
21.52 -168.46 -184.1
26.05 -165.64 -187.21
27.77 -163.7 -187.96
29.34 -161.13 -188.42
28.81 -158.26 -189.37
25.72 -156.03 -190.38
21.48 -154.64 -189.94
17.03 -152.55 -188.
12.18 -152.27 -184.43

NCI
12. -152.26 -184.32
16.2 -152.37 -188.89
18.01 -153.35 -193.35
18.58 -153.77 -198.55
17.06 -155.17 -202.44
14.29 -157.76 -204.55
11.95 -160.98 -203.45
8.33 -163.71 -201.39
5.63 -165.33 -198.88
2.76 -166.5 -196.24

RLS - closed
19.3 -162.26 -193.16
21.8 -164.26 -191.63
23.32 -166.38 -189.26
23.23 -168.44 -185.93
21.42 -169.2 -183.54
19.4 -169.7 -181.42
19.24 -167.67 -184.54
18.38 -165.09 -188.07
17.69 -163.49 -190.16
17.16 -162.48 -191.41

RNS - closed
18.84 -161.11 -193.95
17.27 -162.22 -196.95
14.25 -163.64 -199.29
10.18 -165.1 -200.29
6.36 -166.09 -199.39
4.39 -166.33 -197.67
2.9 -166.5 -196.28
6.83 -165. -194.89
11.88 -163.19 -193.65
15.27 -161.98 -192.88
16.84 -161.33 -192.09

LNS - closed
16.84 -162.1 -191.65
18.55 -161.8 -193.09
19.86 -159.56 -193.5
19.83 -156.2 -192.3
18.49 -153.63 -190.21
17.03 -152.23 -188.4
14.64 -152.08 -186.19
12.28 -152.33 -184.14
13.52 -154.51 -186.02
15.23 -157.33 -188.54
16.63 -160.73 -190.99

