n4

R
10.1951 -156.654 -64.1656

L
15.4757 -143.329 -57.4326

N
0.7861 -141.605 -72.5812

RLC
6.1915 -155.461 -43.7817

RNC
-9.1724 -155.954 -60.5221

LNC
-2.9734 -138.151 -54.4854

BR - closed
7.93 -138.69 -65.67
11.94 -139.97 -61.6
15.24 -142.65 -58.42
16.92 -147.15 -57.08
15.94 -150.73 -58.43
13.06 -155.01 -61.83
8.16 -156.58 -67.08
3.93 -154.97 -71.34
1. -151.57 -74.07
-0.02 -146.6 -74.67
0.83 -143.18 -73.48
2.11 -140.21 -71.87
5. -138. -68.66

RGH
10.13 -156.65 -64.12
8.06 -154.64 -62.49
6.67 -152.46 -61.5
5.74 -149.91 -60.99
4.73 -149.01 -60.18
3.29 -149.26 -58.82

LGH
15.61 -143.37 -57.33
13.91 -144.34 -58.41
9.98 -146.03 -59.1
6.18 -147.64 -59.72
4.65 -148.13 -59.4
3.33 -148.32 -58.37

NGH
0.88 -141.53 -72.55
2.63 -143.24 -70.01
3.26 -145.26 -66.
4.37 -147.32 -62.25
4.17 -147.97 -60.67
2.51 -148.16 -59.07

RCI
-9.19 -155.94 -60.48
-5.06 -155.63 -64.32
-0.59 -155.99 -66.51
4.09 -156.59 -66.59
7.75 -156.55 -65.71
9.97 -156.13 -64.54
11.4 -155.84 -61.1
11.24 -154.95 -56.57
10.43 -154.53 -52.59
8.71 -154.3 -49.25
6.25 -155.47 -44.01

LCI
6.19 -155.5 -43.88
9.21 -153.39 -49.45
12.28 -151.18 -53.02
14.59 -148.63 -55.26
15.42 -143.95 -57.57
11.98 -141.83 -59.05
7.62 -140.11 -59.42
3.15 -138.65 -58.59
-2.83 -138.09 -54.52

NCI
-2.87 -138.1 -54.42
0.65 -138.43 -58.37
2.32 -138.36 -62.33
2.67 -139.04 -66.73
1.92 -140.51 -70.35
1.29 -141.91 -71.98
0.09 -144.59 -72.86
-0.74 -148.57 -71.4
-2.84 -152.14 -69.35
-5.01 -154.33 -65.86
-9.2 -155.87 -60.53

RLS - closed
7.12 -149.26 -59.5
9.55 -151.3 -56.39
10.58 -153.3 -52.31
9.5 -154.23 -49.26
8.01 -154.87 -46.61
6.79 -155.27 -44.72
5.87 -153.58 -48.11
5.08 -151.75 -51.96
4.53 -150. -55.79
3.55 -148.66 -58.29
5.82 -148.51 -60.33

RNS - closed
5.35 -147.6 -60.27
3.76 -149.81 -63.05
0.44 -152.44 -64.77
-3.25 -154.57 -65.01
-5.61 -155.4 -64.05
-8.96 -155.65 -60.71
-5.8 -153.78 -60.44
-0.73 -150.6 -59.58
2.08 -148.94 -59.32
3.49 -147.85 -58.66

LNS - closed
5.44 -144.85 -61.15
3.77 -140.83 -60.15
1.61 -138.75 -58.41
-0.53 -138.15 -56.47
-2.6 -138.07 -54.52
-0.88 -140.34 -55.82
1.37 -144.47 -57.36
3.18 -147.79 -58.59
5.47 -147.69 -60.77

