n41

R
25.2903 -148.136 236.404

L
27.2161 -131.545 241.33

N
11.8236 -139.255 228.768

RLC
21.2354 -145.262 254.761

RNC
7.4609 -155.632 241.998

LNC
5.0151 -133.673 246.454

BR - closed
20.34 -130.19 235.7
23.75 -129.58 238.25
27.11 -130.4 240.46
29.56 -133.36 241.55
30.11 -138.26 240.89
28.98 -142.89 239.1
26.71 -146.88 236.63
22.18 -148.31 233.11
17.44 -147.71 229.89
13.4 -143.2 227.99
12.77 -139.03 228.44
13. -134.03 229.67
15.56 -131.74 231.98

RGH
25.41 -148.19 236.5
23.49 -146.75 237.71
21.26 -145.05 239.07
19.08 -142.98 240.1
17.86 -141.75 240.62
16.92 -141.93 241.89

LGH
27.23 -131.54 241.38
24.59 -134.24 241.14
21.39 -137.5 240.97
18.61 -140.32 240.81
17.58 -141.24 241.1
16.8 -141.6 242.23

NGH
11.72 -139.08 228.65
13.5 -139.55 231.69
14.82 -140.06 234.66
16.55 -140.66 238.27
17.09 -141.05 240.32
16.52 -141.42 241.77

RCI
7.44 -155.71 241.98
11.57 -154.2 237.73
15.85 -152.26 235.36
20.86 -149.86 234.68
25.26 -148.09 236.38
27.49 -145.62 241.05
26.73 -144.22 245.52
24.76 -144.14 249.44
21.24 -145.23 254.77

LCI
21.18 -145.3 254.87
24.15 -143.55 250.67
26.76 -141.11 247.25
28.23 -137.8 244.24
28.78 -133.8 242.33
27.31 -131.48 241.36
23.17 -130.82 240.76
19.27 -130.9 240.46
15.17 -131.39 240.85
10.87 -131.65 241.95
4.9 -133.55 246.34

NCI
4.95 -133.49 246.48
8.56 -132.51 242.16
11.42 -133.17 237.53
12.07 -135.32 232.34
12.4 -138.86 229.42
12.82 -144.06 229.11
13.09 -148.58 232.06
11.27 -152.56 236.48
7.41 -155.65 241.92

RLS - closed
16.53 -141.07 242.22
18.09 -140.39 240.55
21.05 -140.76 242.05
23.6 -141.16 243.58
25.16 -142. 246.18
24.78 -143.2 249.48
22.97 -144.26 252.18
21.31 -145.18 254.5
20.63 -144.03 251.16
19.23 -142.57 246.85
17.98 -141.51 243.66

RNS - closed
16.03 -142.33 241.85
17.11 -142.37 239.93
16.87 -144.32 238.29
15.55 -147.82 236.86
13.74 -150.94 236.68
11.7 -153.27 237.75
9.53 -154.74 239.95
7.8 -155.71 241.91
10.22 -152.37 241.27
13.2 -147.47 241.29
15.13 -144.07 241.56

LNS - closed
16.57 -141.65 241.92
17.22 -140.83 240.39
15.55 -138.24 239.71
13.17 -135.71 239.87
10.29 -133.29 240.7
7.96 -132.86 242.88
6.41 -133.28 245.02
5.41 -133.68 246.52
8.23 -135.41 245.07
12.03 -138.18 243.57
14.98 -140.38 242.44

