n47

R
13.1617 -201.134 1739.1

L
20.5524 -183.63 1746.14

N
7.9807 -184.045 1729.3

RLC
5.5386 -194.696 1759.54

RNC
-9.6357 -194.742 1741.17

LNC
1.2669 -174.937 1744.91

BR - closed
13.09 -180.81 1734.29
17.47 -180.08 1740.05
20.26 -181.49 1744.05
22.33 -187.7 1747.86
20.87 -194.6 1747.03
18.03 -199.28 1743.98
14.48 -201.01 1739.5
10.2 -200.18 1733.61
7.38 -198.21 1729.49
5.31 -193.1 1725.86
6.62 -187.59 1726.71
9.3 -183.94 1729.71

RGH
13.05 -201.15 1739.24
12.25 -198.7 1739.78
11.27 -195.3 1740.43
10.25 -191.16 1741.12
9.33 -189.69 1741.73
7.57 -189.4 1742.88

LGH
20.48 -183.64 1746.18
18.22 -185.01 1744.98
14.93 -186.82 1743.52
11.8 -188.7 1741.87
9.82 -189.11 1742.12
7.86 -188.92 1743.35

NGH
7.99 -183.98 1729.46
8.44 -185.33 1732.25
8.83 -186.95 1735.73
9.7 -188.99 1739.78
9.01 -189.43 1741.46
7.12 -189.23 1742.73

RCI
-9.67 -194.78 1741.13
-4.15 -197.03 1736.4
-0.33 -198.71 1734.79
4.91 -200.19 1734.52
8.5 -201.15 1735.35
13.1 -201.08 1738.99
14.41 -199.72 1744.34
13.63 -197.91 1748.38
11.12 -197.12 1753.8
5.65 -194.85 1759.61

LCI
5.69 -194.82 1759.6
11.65 -194.98 1755.59
14.87 -193.97 1752.29
18.33 -191.98 1750.14
20.55 -187.94 1748.63
20.72 -183.73 1746.45
16.36 -179.31 1743.54
12.2 -177.92 1742.46
8.5 -176.09 1742.23
1.21 -174.79 1744.92

NCI
1.24 -174.79 1744.99
6.06 -175.79 1740.24
9.4 -178.26 1737.34
10.4 -179.81 1734.31
9.75 -181.93 1731.1
8.1 -184.22 1729.45
4.77 -187.61 1728.26
1.44 -190.83 1729.59
-1.35 -193.82 1732.5
-6.14 -194.77 1736.67
-9.63 -194.77 1741.06

RLS - closed
11.36 -189.47 1741.45
12.87 -191.04 1743.55
13.62 -192.95 1747.21
13.75 -194.08 1749.7
12.4 -195.13 1753.53
10.56 -195.23 1755.65
7.83 -194.93 1757.77
5.44 -194.6 1759.46
6.58 -193.69 1756.17
7.51 -192.51 1752.47
8.14 -191.42 1749.29
8.46 -190.11 1745.93
8.45 -189.14 1743.67
9.79 -189.14 1742.29

RNS - closed
10.69 -189.32 1740.66
8.99 -190.99 1738.23
5.59 -192.67 1736.65
0.42 -194.52 1735.61
-3.73 -195.28 1736.2
-6.45 -195.11 1737.89
-8.49 -194.78 1739.56
-9.61 -194.35 1740.98
-6.58 -193.55 1741.02
-2.26 -192.33 1741.26
2.39 -190.82 1741.88
5.85 -189.6 1742.54
7.55 -188.87 1743.12
9.56 -189.07 1741.72

LNS - closed
10.84 -188.58 1740.56
10.94 -185.38 1739.97
10.39 -181.07 1739.71
8.75 -177.72 1740.42
6.99 -176. 1741.48
4.94 -175.19 1742.92
2.87 -174.9 1744.46
1.76 -174.91 1745.3
3.22 -177.51 1744.61
5.04 -181.36 1743.83
5.98 -183.96 1743.53
7.04 -185.68 1743.
7.66 -188.19 1742.92
9.15 -188.48 1741.84

