n42

R
20.0461 -158.004 48.5396

L
25.0897 -146.233 54.6187

N
12.7307 -144.342 40.0827

RLC
14.2627 -156.312 68.7067

RNC
-4.6404 -158.534 51.9919

LNC
4.542 -136.777 60.4739

BR - closed
21.06 -140.28 47.87
23.73 -140.51 51.02
25.46 -142.27 53.04
26.64 -146.03 54.39
26.06 -151.02 53.64
24.1 -155.16 51.28
20.45 -157.55 46.96
15.98 -157.49 41.69
12.9 -155.26 38.09
11.72 -152.32 36.73
12.63 -147.53 37.86
14.91 -143.26 40.6
17.93 -140.85 44.18

RGH
20.04 -158.12 48.66
18.3 -155.96 49.83
16.24 -153.44 51.21
14.76 -151.12 52.14
13.81 -150.31 52.83
12.17 -150.3 54.15

LGH
25.06 -146.33 54.62
22.75 -147.24 53.75
18.98 -148.29 53.75
16.11 -149.24 53.27
14.53 -149.61 53.49
12.56 -149.65 55.15

NGH
12.77 -144.46 40.08
12.86 -145.44 42.66
12.86 -146.6 45.79
13.25 -148.17 49.72
13.54 -149.06 51.88
11.95 -149.3 53.75

RCI
-4.62 -158.48 52.02
2.34 -158.57 46.49
7.59 -159.05 45.23
11.89 -159.23 45.46
16.32 -158.82 46.29
20.03 -157.72 48.65
20.85 -157.33 52.5
20.08 -157.18 56.38
18.85 -157.46 61.35
14.12 -156.34 68.69

LCI
14.1 -156.28 68.78
17.6 -156.12 64.59
21.27 -154.68 60.
23.37 -151.9 57.27
24.87 -149.14 55.58
25.21 -146.12 54.76
22.49 -142.73 53.94
18.86 -140.68 53.56
13.92 -137.84 54.31
9.56 -136.81 56.62
4.38 -136.83 60.58

NCI
4.34 -136.8 60.52
8.46 -136.98 56.51
12.36 -138.41 51.1
13.61 -140.88 46.45
13.9 -142.5 43.22
13.21 -144.95 40.29
10.73 -148.4 39.67
7.41 -151.73 41.21
3.75 -154.3 43.68
0.64 -156.64 46.88
-4.62 -158.51 52.04

RLS - closed
11.9 -149.54 54.59
14.57 -149.56 51.98
17.03 -151.62 54.36
19.33 -153.95 57.54
20.37 -155.69 60.58
18.52 -156.23 63.71
16.18 -156.45 66.57
14.38 -156.51 68.49
13.91 -154.72 64.76
13.06 -152.2 59.68
12.39 -150.27 55.82

RNS - closed
12.28 -149.65 54.56
14.81 -149.65 52.35
13.13 -151.78 49.76
10.31 -154.4 47.23
6.31 -156.59 46.55
2.41 -158.23 46.81
-0.21 -158.71 48.19
-2.8 -158.67 50.5
-4.29 -158.57 51.99
-0.79 -156.93 52.07
3.56 -154.53 52.85
6.98 -152.59 53.56
9.56 -151.13 54.1

LNS - closed
12.01 -149.51 55.07
14.63 -149.24 52.41
14.22 -144.79 52.31
12.84 -140.8 53.23
11.05 -138.03 54.72
9.22 -136.67 56.39
6.62 -136.62 58.99
4.81 -136.78 60.82
7.03 -139.92 58.95
9.39 -143.48 57.
11.03 -146.73 55.73

