n44

R
22.7284 -179.635 1313.26

L
28.3199 -165.429 1328.04

N
13.7172 -159.4 1308.74

RLC
15.6864 -180.003 1336.29

RNC
-2.9836 -178.095 1316.18

LNC
5.1796 -157.73 1329.4

BR - closed
15.5 -158.49 1311.36
20.23 -158.42 1318.52
24.29 -160.25 1323.82
28.01 -164.13 1327.68
29.78 -169.25 1328.07
29.15 -174.76 1324.64
25.55 -179.58 1317.07
20.71 -178.7 1310.18
15.27 -172.85 1304.6
12.65 -167.1 1303.22
13.06 -161. 1306.56

RGH
22.86 -179.75 1313.36
21.1 -177.03 1314.97
18.6 -173.38 1317.23
16.44 -169.89 1319.23
15.09 -169.48 1320.25
13.42 -170.09 1321.37

LGH
28.35 -165.66 1328.
25.37 -166.37 1325.09
21.32 -167.4 1322.59
17.45 -168.43 1321.04
15.94 -168.86 1320.93
13.87 -169.54 1322.2

NGH
13.69 -159.34 1308.78
14.23 -161.5 1311.45
15.1 -163.88 1314.31
15.94 -166.94 1318.06
15.18 -168.06 1319.71
13.03 -168.92 1321.36

RCI
-2.91 -178.05 1316.27
3.65 -176.51 1311.33
9.77 -176.97 1310.29
16.31 -178.48 1309.7
22.76 -179.43 1313.44
23.45 -179.57 1318.66
23.25 -179.84 1324.49
21.86 -179.74 1328.99
15.83 -180.04 1336.01

LCI
15.73 -179.91 1336.24
22.48 -178.14 1330.17
26.66 -173.75 1328.21
29.01 -169.38 1328.11
27.86 -165.64 1327.5
23.42 -161.97 1325.42
18.85 -159.64 1324.23
13.16 -157.58 1325.3
5.34 -158.04 1329.21

NCI
5.13 -158.13 1329.35
12.3 -157.09 1323.43
14.89 -158.28 1316.74
14.65 -159.26 1311.95
13.84 -160.11 1308.86
10.9 -163.37 1306.64
7.9 -168.73 1307.17
4.06 -173.15 1309.95
-2.88 -178.01 1316.24

RLS - closed
20.12 -172.87 1323.07
22.09 -176.33 1327.15
21.38 -178.59 1330.35
20.21 -179.36 1331.68
18.53 -179.69 1334.09
16.16 -180.24 1335.46
16.51 -178.71 1333.33
16.77 -176.05 1329.73
16.72 -173.75 1326.68
16.13 -172. 1324.51
14.91 -170.39 1322.7
14.05 -169.38 1321.57
15.46 -168.8 1320.43
16.34 -168.74 1320.11
17.89 -170.01 1321.39
19.47 -171.43 1322.85

RNS - closed
15.39 -168.9 1319.5
15.18 -169.7 1316.77
12.95 -171.41 1314.11
9.4 -173.58 1312.11
6.06 -175.4 1311.05
2.96 -176.69 1311.68
-0.32 -177.69 1313.74
-2.35 -178.12 1315.77
-0.46 -177.18 1316.01
3.78 -175.08 1316.47
8.57 -172.43 1318.12
12.57 -170.12 1319.88
14.1 -169.18 1320.76

LNS - closed
13.94 -168.93 1320.92
15.44 -168.54 1319.92
16.18 -165.94 1319.96
16.1 -162.04 1320.89
14.98 -159.58 1322.26
13.5 -157.44 1323.82
11. -156.58 1325.84
8.1 -156.92 1327.88
6.09 -157.42 1329.23
7.27 -158.67 1328.09
8.83 -159.81 1326.7
11.04 -162.66 1324.45
12.42 -165.1 1322.89
13.53 -167.45 1321.56

