n48

R
27.9704 -161.132 247.013

L
28.7918 -141.041 255.268

N
11.1771 -146.754 240.848

RLC
23.8017 -159.36 269.109

RNC
3.7407 -164.699 252.71

LNC
5.4057 -141.7 261.016

BR - closed
18.2 -139.37 248.06
24.26 -139.11 252.37
28.01 -140.08 254.6
31.68 -143.07 256.01
34.25 -146.99 256.29
34.82 -151.6 254.93
31.75 -157.62 250.49
29.17 -160.59 247.57
24.9 -161.11 244.4
19.15 -159.33 241.09
14.8 -157.51 238.76
11.45 -153.74 237.88
11.09 -148.82 239.5
12.2 -143.69 242.24
15.07 -140.59 245.42

RGH
27.99 -161.19 247.04
25.71 -158.89 247.73
23.17 -156.54 248.66
20.51 -153.67 249.35
18.72 -152.12 250.08
17.7 -151.96 250.98
16.74 -152.44 252.27

LGH
28.71 -141.21 255.29
26.83 -143.12 253.66
23.3 -146.31 252.42
20.32 -149.07 251.12
18.31 -150.85 250.67
17.25 -151.6 251.36
16.59 -151.96 252.31

NGH
11.17 -146.72 240.89
13.09 -147.86 243.24
14.64 -149.02 245.69
16.34 -150.27 248.31
17.24 -150.95 249.75
17. -151.4 250.78
16.22 -151.86 251.91

RCI
3.66 -164.79 252.8
8.37 -162.51 247.28
14.17 -161.1 244.71
19.01 -160.96 243.9
23.65 -161.2 244.85
27.66 -160.83 246.99
28.9 -159.93 251.09
28.62 -158.97 256.17
28.13 -158.84 261.05
23.58 -159.28 268.82

LCI
23.51 -159.33 269.04
26.27 -157.12 265.06
29.07 -153.49 261.33
31.36 -149.7 258.46
31.46 -144.86 256.92
28.61 -141.37 255.12
23.82 -140.3 253.37
17.85 -140.24 252.83
12.41 -139.48 254.63
8.69 -140.19 257.46
5.53 -141.76 261.01

NCI
5.38 -141.78 261.17
9.13 -140.57 255.67
11.3 -140.84 250.84
12.23 -142.15 246.29
12.11 -143.96 243.24
11.44 -146.55 241.12
10.51 -151.19 240.46
9.29 -155.26 241.95
7.92 -159.33 245.14
6.13 -162.02 248.38
3.74 -164.71 252.71

RLS - closed
16.81 -152.57 252.45
18.37 -151.76 250.35
19.72 -151.75 250.24
21.79 -152.1 250.97
24.07 -153.09 253.33
26.09 -154.41 256.5
27.18 -155.88 260.12
27.08 -156.94 262.78
26.33 -157.89 265.21
25.03 -158.8 267.56
23.76 -159.34 269.
23.5 -158.56 267.06
22.66 -157.19 263.69
21.43 -155.7 260.02
19.67 -154.38 256.81
18.36 -153.37 254.37

RNS - closed
16.49 -152.2 251.94
17.63 -151.6 250.18
17.64 -151.99 248.96
16.06 -154.18 247.21
14. -156.75 245.83
11.71 -159.17 245.59
9.54 -161.11 246.45
7.73 -162.44 248.03
5.92 -163.62 250.07
4.04 -164.71 252.64
5.6 -163.3 252.06
8.38 -160.61 251.59
11.76 -157.19 251.46
13.93 -154.97 251.44
15.62 -153.2 251.6

LNS - closed
16.5 -151.59 252.18
17.47 -151.02 250.77
17.79 -150.4 250.14
16.77 -148.16 250.54
15.35 -145.57 251.3
13.71 -142.71 252.23
11.47 -141.05 254.34
9.51 -140.54 256.56
7.52 -141. 259.18
5.86 -141.59 261.44
8.14 -143.42 259.34
10.7 -145.33 256.92
13.11 -147.5 254.78
15.08 -149.57 253.15
16.09 -151.08 252.49

