n43

R
23.6852 -149.764 393.598

L
25.9981 -133.768 401.697

N
9.3595 -135.687 388.789

RLC
21.3348 -148.986 417.765

RNC
1.2914 -154.178 400.401

LNC
6.1131 -132.189 410.253

BR - closed
23.59 -132.6 400.
26.11 -133.52 401.47
28.56 -137.08 401.83
29.05 -141.63 400.36
28.06 -145.01 398.28
25.98 -148.26 395.47
23.91 -149.66 393.39
20. -149.11 390.76
15.66 -148.28 387.92
10.83 -146.01 385.31
8.71 -142.77 385.06
8.53 -138.91 386.49
9.96 -135.61 388.85
11.58 -134.05 390.66
15.45 -134.37 393.35
20.17 -134.31 396.81

RGH
23.54 -149.84 393.41
21.68 -147.16 394.89
19.8 -145.36 396.62
17.95 -142.74 398.12
16.58 -142.35 399.6
15.07 -143.52 401.64

LGH
25.92 -133.67 401.77
23.83 -135.49 400.87
20.84 -138.06 400.02
18.58 -139.95 399.93
17.19 -141.04 400.61
15.67 -142.09 402.82

NGH
9.43 -135.77 388.87
11.07 -136.93 391.07
13.08 -138.34 393.71
14.95 -139.77 396.4
16.02 -140.79 398.32
15.86 -141.74 400.11
14.77 -142.58 401.69

RCI
1.22 -154.22 400.48
7.71 -152.2 394.85
11.41 -151.14 393.66
15.35 -150.43 392.3
19.77 -149.96 392.05
23.37 -149.73 393.53
25.93 -148.77 397.26
26.12 -147.71 401.55
25.8 -148.47 406.98
24.18 -148.98 412.5
21.46 -149.08 417.65

LCI
21.38 -148.98 417.92
25.59 -146.22 411.61
26.92 -141.86 405.34
27.55 -137.3 402.44
26.05 -133.67 401.97
22.72 -132.23 401.79
18.42 -131.12 402.3
13.92 -130.15 404.07
9.89 -130.5 406.7
6.29 -132.13 410.31

NCI
5.95 -132.24 410.38
8.43 -131.36 405.43
11.01 -131.52 399.7
12.15 -133.07 395.05
11.18 -134.45 391.08
9.28 -136.94 388.45
8.05 -139.67 387.47
7.77 -143.13 388.84
7.24 -146.73 391.02
5.5 -150.3 394.37
1.27 -154.21 400.44

RLS - closed
15.49 -142.3 402.19
17.36 -141.58 399.59
20.5 -142.55 400.65
24.62 -144.68 404.13
25.58 -146.33 407.82
24.64 -147.68 411.54
23.12 -148.5 414.24
21.42 -149.38 417.15
21.19 -148.21 414.34
20.06 -146.49 410.58
18.54 -144.67 406.72
16.57 -142.88 403.15

RNS - closed
15.69 -142.04 401.48
16.96 -141.39 399.55
15.95 -142.84 396.9
14.3 -144.83 394.32
10.72 -148.07 393.53
7.75 -150.44 394.27
5.33 -152.18 395.74
3.29 -153.42 398.02
1.58 -154.38 400.28
3.78 -152.55 400.02
8.21 -148.85 399.65
11.48 -145.99 399.92
13.8 -143.84 400.67

LNS - closed
14.98 -142.37 401.79
16.92 -141.23 399.1
16.23 -137.99 399.01
14.88 -135.58 399.95
12.69 -133. 401.86
10.92 -131.35 403.54
9.32 -130.84 405.33
7.27 -131.53 408.01
5.82 -132.45 410.03
7.8 -133.6 407.97
9.94 -135.9 406.03
11.73 -137.75 404.39
14.1 -140.48 402.31

