n40

R
9.2632 -176.94 -229.713

L
14.2491 -159.02 -217.046

N
-5.7436 -158. -232.848

RLC
6.0383 -174.591 -206.015

RNC
-14.9882 -175.512 -219.267

LNC
-6.9358 -155.371 -210.52

BR - closed
-3.62 -156.13 -230.56
2.58 -155.02 -224.98
9.61 -156.39 -219.91
14.38 -158.94 -217.24
17.36 -165.12 -217.78
16.33 -171.82 -221.84
11.8 -175.65 -227.37
5.94 -176.32 -232.47
-0.63 -173.98 -236.7
-5.27 -168.44 -237.82
-6.09 -160.89 -234.86

RGH
9.12 -176.98 -229.66
6.9 -175.08 -227.
4.88 -172.61 -224.62
3.2 -168.95 -222.76
2.01 -166.59 -221.43
0.1 -166.74 -219.

LGH
14.4 -159.19 -217.05
11.82 -160.26 -219.61
8.59 -161.81 -220.41
5.7 -163.23 -220.83
3.17 -164.47 -221.23
1.44 -165.44 -219.98
0.34 -166.13 -218.46

NGH
-5.71 -158.03 -232.8
-2.79 -160.14 -229.64
-1.06 -162.49 -225.82
1.11 -164.43 -222.8
0.63 -165.58 -220.67
-0.99 -166.49 -218.72

RCI
-14.99 -175.44 -219.31
-9.72 -175.91 -226.29
-2.49 -177.04 -228.94
3.3 -177.45 -230.2
9.23 -176.92 -229.45
11.11 -175.95 -224.41
10.38 -175.91 -218.52
9.6 -175.15 -212.11
6.07 -174.57 -206.06

LCI
6.07 -174.55 -206.04
10.17 -172.69 -210.48
13.87 -169.07 -214.83
15.53 -164.52 -216.37
14.56 -159.02 -216.99
8.28 -156.38 -218.4
0.99 -154.57 -215.67
-7.02 -155.19 -210.54

NCI
-6.95 -155.25 -210.39
-3.86 -154.03 -216.98
-2.55 -155.13 -224.6
-3.42 -156.06 -229.35
-5.46 -158.27 -232.96
-7.73 -164.04 -234.05
-9.16 -168.93 -231.65
-11.9 -173.12 -227.09
-14.93 -175.49 -219.36

RLS - closed
0.93 -166.64 -219.15
2.8 -165.68 -221.22
4.92 -166.86 -219.84
7.25 -168.29 -218.12
9.32 -169.96 -215.94
9.93 -171.44 -213.68
8.91 -172.63 -211.47
7.33 -173.98 -208.84
6.22 -174.82 -207.18
6.12 -173.77 -208.86
5.41 -172.45 -210.84
3.96 -170. -214.46
2.85 -168.45 -216.71
1.6 -167.26 -218.32

RNS - closed
1.46 -165.89 -220.17
1.88 -165.68 -221.89
0.92 -166.36 -224.16
-1.99 -168.3 -226.81
-5.49 -170.54 -227.63
-8.41 -172.36 -226.97
-11.57 -174.29 -224.97
-12.87 -175.05 -223.29
-13.67 -175.48 -221.11
-14.29 -175.82 -219.6
-13.16 -175.11 -219.79
-11.18 -173.87 -220.12
-8.45 -172.16 -220.47
-6.03 -170.62 -220.36
-3.79 -169.19 -219.88
-1.46 -167.71 -219.66
0.11 -166.71 -219.34

LNS - closed
2.22 -164.86 -221.29
2.48 -162.51 -221.62
1.55 -159.59 -220.47
-0.18 -156.34 -218.36
-1.61 -154.77 -216.6
-3.13 -154.49 -214.74
-4.68 -154.95 -212.83
-6.01 -155.34 -211.2
-6.35 -155.88 -210.79
-4.61 -157.54 -212.92
-3.29 -159.07 -214.54
-1.7 -161.16 -216.49
-0.32 -164. -218.18
0.34 -165.46 -218.99
1.11 -165.4 -219.93

