n45

R
33.0524 -176.934 -161.686

L
35.5377 -157.081 -143.775

N
25.4888 -154.715 -169.755

RLC
20.83 -175.405 -138.397

RNC
7.5277 -174.931 -163.093

LNC
11.196 -153.379 -146.347

BR - closed
26.67 -152.72 -165.68
29.38 -149.97 -156.77
32.1 -150.89 -149.89
35.59 -156.65 -143.63
37.29 -163.99 -143.13
37.01 -171.18 -147.93
34.82 -176.15 -156.68
30.96 -174.7 -166.35
28.22 -170.04 -171.18
25.68 -159.75 -172.32

RGH
33.08 -177.13 -161.66
31.24 -174.62 -160.25
29.8 -171.61 -158.88
29.34 -166.57 -157.44
27.78 -164.31 -156.21
25.75 -164.31 -155.34
24.4 -164.99 -154.93

LGH
35.55 -156.9 -143.71
33.71 -158.31 -146.14
31.23 -160.08 -148.95
28.93 -162.14 -152.87
27.11 -163.33 -154.63
24.17 -164.26 -154.31

NGH
25.46 -154.79 -169.65
25.5 -157.11 -166.19
26.05 -159.94 -162.01
26.44 -161.83 -159.21
25.9 -163.4 -156.86
23.54 -164.68 -154.89

RCI
7.59 -174.81 -163.16
17.07 -173.58 -168.3
23.82 -174.49 -167.36
29.73 -175.76 -164.66
32.91 -176.24 -161.65
34.03 -176.03 -155.77
31.94 -176.19 -148.24
27.67 -176.44 -142.84
21.03 -175.56 -138.75

LCI
20.64 -175.38 -138.39
25.54 -174.75 -140.74
31.6 -171.68 -142.92
34.79 -166.51 -143.05
35.99 -161.39 -143.22
35.56 -157.21 -144.02
31.89 -153.91 -146.45
26.15 -151.93 -147.75
19.96 -151.42 -148.12
11.39 -153.35 -146.3

NCI
11.24 -153.37 -146.31
20.08 -150.65 -150.89
24.64 -151.06 -156.88
26.59 -152.01 -164.85
25.57 -154.69 -169.66
24.47 -160.29 -171.91
21.23 -166.93 -171.06
15.87 -171.74 -168.91
7.84 -174.78 -163.33

RLS - closed
24.73 -164.18 -154.87
26.49 -163.68 -155.7
28.5 -163.94 -155.52
29.82 -165.77 -153.1
29.81 -168.37 -149.49
30.14 -171.48 -145.22
28.53 -173.15 -142.78
26. -174.37 -140.88
23.14 -175.13 -139.6
21.32 -175.6 -138.78
21.55 -174.42 -140.44
22.23 -172.78 -142.77
22.89 -170.77 -145.6
23.34 -168.71 -148.49
23.58 -166.82 -151.12
24.35 -165.7 -152.74
24.62 -164.74 -154.09

RNS - closed
25.36 -164.58 -155.1
27.48 -164.33 -156.33
27.59 -165.55 -159.37
25.43 -167.55 -162.33
21.3 -170.27 -165.31
17.14 -172.21 -166.38
12.93 -173.58 -166.03
9.51 -174.16 -164.48
8.07 -174.36 -163.69
8.99 -173.75 -163.03
11.03 -172.65 -162.13
13.06 -171.56 -161.28
16.49 -169.53 -159.34
20.66 -167.23 -157.42
23.69 -165.55 -155.98

LNS - closed
25.13 -163.69 -154.77
26.95 -163.2 -155.42
27.58 -161.73 -155.37
26.55 -158.26 -154.21
23.64 -154.46 -152.22
21.37 -152.34 -150.83
18.54 -151.79 -149.55
16.26 -151.84 -148.63
13.62 -152.6 -147.7
11.79 -153.03 -147.03
12.93 -153.93 -147.69
15.3 -155.62 -149.02
17.52 -157.28 -150.29
19.57 -158.82 -151.46
22.5 -161.07 -153.14
24.51 -163.04 -154.38

