n5

R
28.246 -147.748 1855.42

L
31.7718 -131.489 1865.02

N
16.8403 -133.289 1851.22

RLC
23.8905 -146.58 1877.03

RNC
6.3813 -150.297 1860.02

LNC
11.1177 -129.697 1869.6

BR - closed
16.78 -133.24 1851.28
19.7 -129.46 1855.35
24.04 -128.26 1859.64
28.78 -129.18 1863.42
32.7 -132.06 1865.7
35.62 -135.09 1867.05
35.36 -139.91 1864.89
33.22 -144.44 1861.2
29.71 -147.58 1856.87
25.2 -147.98 1852.75
22.48 -147.64 1850.51
18.26 -143.47 1848.48
15.98 -139.78 1847.96
16.17 -135.97 1849.65

RGH
28.16 -147.79 1855.33
26.27 -145.59 1856.51
24.17 -143.46 1857.92
21.83 -140.54 1859.32
20.63 -139.66 1860.23
19.76 -139.84 1861.16

LGH
31.67 -131.56 1865.02
29.71 -132.96 1863.69
26.91 -134.86 1862.55
23.17 -137.35 1861.26
21.55 -138.33 1861.41
20.58 -138.8 1862.33

NGH
16.88 -133.25 1851.34
18.01 -134.78 1853.88
19.13 -136.5 1856.8
20.08 -138.21 1859.03
19.91 -138.94 1860.44
19.34 -139.18 1861.05

RCI
6.37 -150.32 1860.04
11.92 -149.06 1855.39
18.72 -148.18 1853.94
24.06 -148.32 1853.7
28.18 -147.76 1855.38
30.13 -147.22 1860.06
29.66 -146.48 1865.34
28.08 -146.91 1870.44
23.86 -146.56 1877.08

LCI
23.86 -146.58 1877.08
27.11 -144.35 1873.12
30.2 -140.66 1869.61
32.69 -136.95 1867.76
31.83 -131.5 1865.02
26.6 -129.37 1864.07
21.1 -128.68 1863.78
16.21 -127.61 1865.4
11.09 -129.58 1869.51

NCI
11.11 -129.57 1869.6
13.86 -128.74 1865.18
15.9 -128.78 1860.31
17.46 -130.01 1856.53
16.96 -133.22 1851.14
14.45 -139.09 1850.25
12.88 -142.89 1851.58
10.03 -146.64 1854.6
6.41 -150.31 1860.

RLS - closed
20.43 -139.55 1862.01
21.63 -139.15 1860.96
23.31 -139.65 1861.71
25.32 -140.54 1863.24
26.65 -141.86 1865.8
27.05 -142.96 1868.06
26.77 -144.33 1870.99
26.57 -145.1 1872.67
25.41 -145.79 1874.32
24.27 -146.54 1876.11
23.78 -146.25 1876.35
23.54 -145.78 1874.64
23.26 -144.76 1872.53
22.47 -143.12 1869.2
21.68 -141.92 1866.79
21.05 -140.7 1864.33
20.6 -139.85 1862.63

RNS - closed
20.28 -139.15 1861.49
21.06 -138.8 1860.56
20.74 -139.54 1858.61
19.79 -140.73 1856.71
17.11 -143.07 1855.42
14.72 -145.04 1854.7
11.95 -146.97 1855.26
10.11 -147.99 1856.61
7.94 -149.08 1858.71
6.67 -149.78 1859.74
9.03 -147.95 1859.96
11.41 -146.16 1860.02
13.54 -144.56 1860.05
16.73 -142.1 1860.34
18.74 -140.57 1860.44
19.68 -139.76 1860.84

LNS - closed
19.7 -139.07 1861.18
20.54 -138.32 1860.17
20.28 -136.64 1860.18
19.27 -134.4 1860.91
18.24 -132.07 1861.64
16.87 -130.57 1862.88
15.63 -129.2 1863.99
14.43 -128.98 1865.23
12.68 -128.84 1867.09
11.45 -129.46 1868.5
11.11 -129.71 1868.9
11.83 -130.66 1868.28
12.99 -131.55 1867.18
14.33 -132.43 1865.88
15.54 -133.61 1864.78
16.8 -134.98 1863.64
18.14 -136.77 1862.49
19.22 -138.01 1861.53
19.48 -138.65 1861.35

