n59

R
19.6779 -203.129 -136.746

L
22.0263 -185.887 -126.572

N
10.4002 -186.893 -146.581

RLC
12.1042 -200.598 -115.178

RNC
-6.9478 -207.615 -135.17

LNC
-2.8728 -183.845 -125.521

BR - closed
12.85 -185.14 -143.4
16.07 -182.07 -136.86
19.67 -182.25 -130.85
23.23 -186.63 -126.4
24.58 -193.42 -126.57
23.7 -199.75 -130.33
20.86 -202.93 -136.28
17.72 -202.77 -141.53
14.43 -200.55 -146.29
11.83 -195.71 -148.93
11.36 -189.31 -147.42

RGH
19.73 -203.09 -136.7
17.32 -200.64 -135.52
15.25 -198.05 -134.55
13.15 -195.51 -133.55
12.04 -194.78 -132.98
10.67 -195.15 -132.18

LGH
22.08 -185.83 -126.62
20.11 -187.55 -128.4
16.7 -190.14 -130.48
13.63 -192.22 -131.77
11.84 -193.11 -131.71
10.1 -193.6 -130.74

NGH
10.38 -186.68 -146.35
10.84 -188.32 -142.81
10.52 -189.9 -139.39
11.2 -191.4 -136.15
11.07 -192.41 -133.97
9.24 -193.17 -132.32

RCI
-7. -207.48 -135.19
1.2 -204.95 -140.64
8.19 -203.66 -141.54
14.88 -203.1 -140.56
19.81 -202.76 -136.42
20.95 -201.96 -130.83
19.39 -201.15 -125.15
16.4 -200.77 -120.11
12.19 -200.54 -115.29

LCI
12.28 -200.43 -115.34
17.28 -199.31 -120.41
21.41 -195.39 -124.44
23.07 -191.06 -125.42
22.38 -185.83 -126.26
16.77 -183.29 -130.36
11.19 -182.85 -131.95
5.12 -182.24 -130.32
-2.83 -184.5 -125.48

NCI
-2.88 -184.45 -125.74
3.21 -182.04 -130.42
8.92 -183.12 -136.87
11.31 -185.47 -142.42
10.68 -188.57 -146.57
8.68 -193.57 -147.09
5.66 -198.14 -145.11
0.63 -203.14 -142.02
-6.7 -207.42 -135.4

RLS - closed
10.79 -193.29 -132.33
12.16 -193.16 -132.8
14.07 -194.19 -130.78
16.87 -196.02 -127.13
18.66 -197.42 -124.29
19.4 -198.31 -122.42
17.98 -199.16 -120.39
15.49 -199.82 -118.64
13.44 -200.54 -116.81
12.52 -200.91 -115.87
12.76 -200.09 -117.7
13.09 -198.89 -120.38
12.94 -197.42 -123.56
12.29 -195.68 -127.29
11.69 -194.6 -129.59
10.89 -193.74 -131.37

RNS - closed
10.4 -195.08 -133.21
11.15 -195.65 -134.77
10.52 -197.3 -136.73
8.9 -199.91 -139.26
6.21 -202.48 -140.75
3.41 -204.5 -141.28
0.32 -205.55 -140.05
-3.42 -206.53 -138.12
-5.45 -206.84 -136.73
-6.65 -206.91 -135.74
-4.72 -205.92 -136.
-2.47 -204.6 -136.03
-0.09 -203.15 -135.99
2.25 -201.63 -135.79
4.41 -200.05 -135.35
7.04 -198.16 -134.85
9.11 -196.42 -134.08
9.71 -195.81 -133.69

LNS - closed
10.87 -193.36 -132.21
11.62 -192.55 -132.75
11.15 -190.13 -132.88
9.25 -185.91 -132.48
7.64 -183.79 -131.92
5.58 -182.34 -131.
3.56 -182.29 -129.88
0.45 -182.79 -128.07
-1.09 -183.39 -127.11
-2.47 -183.68 -126.3
-1.58 -184.51 -126.66
0.93 -186.07 -127.82
3.05 -187.4 -128.79
5.14 -188.94 -129.71
7.85 -190.56 -130.96
9.6 -192.07 -131.7
10.38 -193.03 -131.98

