n54

R
1.7573 -184.598 -229.748

L
9.0042 -166.074 -217.041

N
-2.3232 -164.654 -237.557

RLC
-9.4558 -181.873 -205.974

RNC
-24.7839 -178.738 -229.903

LNC
-16.4972 -159.057 -218.787

BR - closed
-1.14 -163.97 -236.56
2.61 -160.74 -229.86
6.23 -160.85 -223.3
8.76 -164.23 -218.65
9.91 -169.13 -216.47
10.29 -173.94 -215.69
8.18 -179.36 -219.38
5.72 -182.23 -223.77
3.37 -184.27 -227.97
0.85 -183.49 -232.55
-1.32 -179.97 -236.54
-3.22 -175.41 -240.08
-3.48 -169.34 -240.68

RGH
1.78 -184.54 -229.65
0.2 -181.36 -228.63
-1.7 -177.56 -227.41
-3.54 -173.9 -226.22
-4.74 -172.8 -225.5
-6.66 -172.65 -224.43

LGH
8.97 -165.98 -216.98
5.58 -167.96 -219.68
1.31 -169.99 -221.97
-1.91 -171.57 -223.83
-3.99 -172.37 -224.5
-6.1 -172.47 -223.54

NGH
-2.33 -164.6 -237.57
-2.96 -166.19 -234.94
-4.26 -167.71 -232.04
-4. -170.38 -228.34
-4.94 -171.45 -226.27
-6.48 -171.41 -225.49

RCI
-24.89 -178.84 -229.83
-16.75 -179.15 -234.31
-10.88 -180.21 -234.88
-5.49 -181.72 -233.86
-1.67 -182.89 -232.91
1.77 -184.54 -229.63
2.28 -184.26 -225.97
2.14 -183.31 -221.95
0.83 -182.69 -215.66
-2.97 -182.23 -210.51
-9.39 -181.9 -206.07

LCI
-9.42 -181.89 -206.04
-3.76 -180.97 -208.82
1.85 -178.4 -211.97
6.25 -173.89 -214.84
8.58 -169.96 -216.02
8.91 -166.2 -217.15
5.27 -163.24 -220.3
1.61 -161.59 -222.19
-3.42 -159.58 -222.94
-8.37 -158.09 -222.39
-16.54 -159.06 -218.78

NCI
-16.45 -159.06 -218.79
-10.92 -158.43 -222.51
-5.03 -159.9 -227.18
-2.29 -162.17 -232.38
-2.21 -164.85 -237.34
-5.88 -170.27 -238.9
-10.24 -174.15 -237.12
-13.93 -176.28 -236.25
-18.35 -177.86 -234.05
-24.83 -178.83 -229.86

RLS - closed
-5.5 -172.06 -224.81
-4.02 -172.11 -225.57
-2.54 -173.7 -223.8
-0.56 -176.22 -220.76
0.28 -178.35 -217.73
0.24 -180.37 -214.37
-1.92 -181.54 -211.19
-5.36 -181.82 -208.76
-8.66 -181.88 -206.78
-7.98 -180.25 -209.86
-6.81 -178.78 -212.97
-5.75 -176.42 -217.47
-5.51 -173.4 -222.58
-5.62 -172.41 -224.16

RNS - closed
-4.76 -172.86 -225.79
-4.43 -173.85 -228.33
-5.97 -175.15 -230.63
-7.96 -176.52 -232.85
-10.71 -177.72 -234.28
-13.88 -178.69 -234.92
-17.99 -179.03 -233.59
-21.53 -179.07 -231.83
-23.88 -178.85 -230.06
-22.18 -178.42 -229.92
-18.08 -177.38 -229.59
-13.14 -175.71 -228.21
-8.75 -174.03 -226.5
-6.08 -173.07 -225.61

LNS - closed
-5.82 -171.05 -224.96
-4.61 -170.81 -225.62
-4.09 -168.61 -225.89
-4.41 -164.79 -225.68
-6.27 -161.78 -224.62
-8.53 -159.21 -223.34
-11. -158.59 -221.97
-13.94 -158.69 -220.34
-16.1 -159.06 -219.15
-14.32 -161.03 -220.16
-11.97 -163.04 -221.48
-9.77 -164.82 -222.71
-7.92 -166.73 -223.75
-6.49 -169.2 -224.57

