n58

R
36.8331 -166.374 16.7005

L
42.4122 -147.43 30.7078

N
26.2538 -148.46 14.0441

RLC
27.8151 -168.204 44.0972

RNC
7.6057 -165.057 22.4275

LNC
16.1745 -143.209 37.8148

BR - closed
40.28 -145.45 28.42
44.14 -147.8 31.25
46.67 -152.57 31.67
46.91 -158.53 29.26
44.04 -163.6 24.14
39.64 -166.13 18.59
33.96 -164.22 13.75
29.31 -160.99 10.52
26.16 -156.83 9.21
25.9 -151.3 11.41
28.27 -147.87 15.3
32.52 -145.64 20.56
37.21 -145.04 25.52

RGH
36.89 -166.45 16.85
35.82 -163.72 18.06
33.39 -161.13 20.63
31.47 -157.62 22.73
29.95 -155.46 24.36
28.91 -155.19 25.43
27.86 -155.78 26.46

LGH
42.43 -147.67 30.78
39.74 -149.07 28.87
35.33 -151.3 28.13
31.74 -153.13 27.26
29.86 -154.1 26.04
28.8 -154.63 26.23
27.54 -155.23 27.51

NGH
26.18 -148.52 14.07
26.76 -150.02 16.73
28.03 -151.7 19.66
29.19 -152.98 21.86
29.17 -154.06 23.83
28.18 -154.69 25.11
26.91 -155.16 26.1

RCI
7.59 -165.13 22.45
15.75 -163.46 16.34
22.64 -163.61 14.23
28.96 -164.28 14.37
33.22 -165. 15.29
36.33 -166.07 16.69
38.2 -166.54 20.51
38.46 -166.72 25.97
37.55 -166.17 30.7
34.97 -167.38 36.76
28. -168.39 44.27

LCI
28.04 -168.35 44.26
35.75 -164.61 39.24
39.74 -160.21 35.69
43.15 -155.18 33.41
43.89 -150.69 31.91
42.55 -147.51 30.62
38.46 -145.77 29.06
32.88 -144.55 28.04
27.01 -141.6 29.7
22.04 -140.56 33.37
16.18 -143.3 37.87

NCI
16.09 -143.33 37.94
23.57 -141.2 30.26
27.43 -143.9 24.19
28.34 -146.2 19.09
26.79 -148.98 15.03
23.64 -153.05 12.69
19.75 -157.94 13.56
15.28 -161.23 15.9
7.7 -165.02 22.33

RLS - closed
30.54 -155.64 25.16
32.6 -156.99 26.31
34.96 -160.13 29.86
35.61 -163.52 34.41
34.07 -165.77 38.16
31.59 -167.25 41.18
27.9 -168.28 44.
28.62 -164.92 38.98
28.6 -160.43 32.65
28.41 -157.71 28.89
27.92 -156.44 27.27

RNS - closed
29.36 -154.59 23.87
28.4 -155.19 20.82
24.95 -157.01 17.56
19.73 -159.65 15.49
15.56 -161.66 15.82
11.13 -163.69 18.78
7.71 -165.19 22.41
12.95 -162.65 22.26
21.62 -158.32 24.77
27.12 -155.58 26.21

LNS - closed
29.72 -153.01 23.68
29.6 -149.5 24.11
28.19 -145.12 25.96
25.41 -141.96 29.11
21.99 -141.26 32.71
18.79 -142.19 35.94
16.64 -143.32 38.07
19.16 -145.2 35.3
23. -148.94 31.
26.02 -152.12 27.59
27.2 -154.26 26.19

