n57

R
12.8623 -212.949 966.131

L
15.3003 -192.695 977.724

N
0.8077 -195.373 960.541

RLC
4.2355 -210.538 989.516

RNC
-12.9088 -214.794 970.281

LNC
-10.2776 -192.614 979.972

BR - closed
18.51 -196.26 979.31
20.11 -202.03 978.55
18.02 -207.68 973.75
14.16 -212.17 967.52
8.64 -213.02 961.05
4.49 -210.77 957.46
1.13 -204.08 956.69
0.82 -197. 959.45
2.69 -191.38 963.98
6.81 -189.08 969.55
11.57 -190.51 974.18
15.39 -192.45 977.54

RGH
12.83 -212.93 966.2
10.5 -210.05 967.56
8.18 -207.36 968.94
5.61 -203.91 970.37
4.49 -203.05 971.14
3.36 -203.61 972.23

LGH
15.22 -192.76 977.65
13.01 -194.82 975.96
10.81 -196.76 974.68
7.42 -199.71 972.8
5.4 -201.33 972.16
4.36 -201.89 972.75
3.41 -202.34 973.55

NGH
0.67 -195.5 960.68
1.52 -197.25 963.32
1.87 -199.22 966.44
2.99 -201.03 969.1
3.29 -202.16 970.85
1.93 -202.92 972.42

RCI
-12.79 -214.87 970.1
-4.71 -213.47 964.24
2.43 -213.88 962.99
7.91 -214.13 963.32
12.84 -212.69 966.21
14.69 -212. 971.32
14.86 -210.63 976.97
11.77 -211.05 982.59
8.15 -211.03 985.83
4.31 -210.57 989.41

LCI
4.15 -210.45 989.65
11.46 -207.51 984.56
15.37 -202.5 981.39
16.67 -198.13 979.71
15.11 -193.03 977.59
10.54 -191.02 975.84
5.25 -190.5 975.16
-2.19 -189.84 975.79
-10.06 -192.54 979.98

NCI
-10.37 -192.63 980.15
-3.35 -189.95 972.87
0.1 -191.84 966.46
1. -193.61 962.89
0.88 -195.42 960.57
-0.55 -200.2 959.13
-2.69 -205.51 960.15
-6.44 -210.66 962.96
-12.82 -214.84 970.11

RLS - closed
3.22 -202.73 972.75
4.31 -202.3 971.76
5.73 -202.42 971.96
7.67 -203.25 973.7
10.17 -204.72 976.82
11. -206.67 981.05
10.62 -208.09 984.18
9.03 -209.02 986.27
6.97 -209.58 987.56
5.12 -210.03 988.62
4.66 -210.2 989.
4.62 -209.06 986.51
5.3 -207.37 982.79
5.2 -205.73 979.23
4.42 -204.27 976.07
3.75 -203.43 974.25

RNS - closed
-11.16 -214.1 969.86
-7.81 -211.84 969.59
-4.03 -208.91 970.35
-1.23 -206.73 970.98
1.55 -204.4 972.06
2.81 -203.4 972.39
4.2 -202.69 971.6
4.77 -202.75 970.24
4.16 -203.84 968.29
3.03 -205.34 966.21
1.23 -206.96 965.18
-0.84 -208.75 964.21
-3.2 -210.35 964.41
-5.27 -211.74 964.59
-7.31 -212.88 965.47
-9.77 -213.99 967.32
-11.39 -214.61 968.85
-12.08 -214.74 969.92

LNS - closed
2.93 -202.69 971.7
3.74 -202.52 970.99
4.29 -201.55 970.36
3.73 -199.59 970.48
2.38 -196.47 971.05
0.2 -193.77 972.38
-2.79 -191.64 974.49
-5.06 -191.24 976.32
-6.73 -191.27 977.71
-8.19 -191.67 979.
-9.33 -192.49 980.1
-8.67 -192.92 979.63
-7.08 -193.8 978.46
-4.41 -195.64 976.56
-1.38 -198.03 974.46
1.15 -200.56 972.81

