n55

R
9.1066 -197.133 1441.3

L
20.3517 -180.893 1455.14

N
4.8253 -177.501 1436.41

RLC
2.7501 -191.988 1468.34

RNC
-15.3646 -188.236 1447.27

LNC
-1.7164 -170.39 1457.91

BR - closed
17.34 -176.45 1449.76
20.4 -179.27 1453.42
22.33 -182.3 1455.71
22.67 -186.72 1456.06
20.66 -191.77 1453.55
17.12 -195.02 1449.23
12.25 -197.11 1443.3
8.03 -194.98 1438.23
5.11 -191.81 1434.74
3.49 -187.28 1432.85
3.64 -181.26 1433.11
5.65 -177.61 1435.6
8.38 -175. 1438.94
11.68 -174.94 1442.94
14.37 -175.45 1446.18

RGH
8.88 -197.08 1441.03
8.99 -194.55 1442.05
7.84 -191.49 1444.34
7.62 -186.96 1446.51
6.8 -185.18 1447.98
5.44 -184.91 1449.23

LGH
20.37 -180.86 1455.21
18.1 -181.71 1452.95
14.49 -182.7 1451.19
10.56 -183.73 1449.48
8. -184.27 1449.05
5.86 -184.39 1450.36

NGH
4.83 -177.63 1436.68
5.26 -179.41 1439.74
5.8 -181.2 1442.74
6.53 -183.21 1446.01
6.6 -184.15 1447.76
5.28 -184.29 1449.09

RCI
-15.52 -188.27 1447.25
-10.09 -189.63 1442.57
-3.11 -192.46 1439.14
2.69 -193.86 1438.43
7.06 -195.32 1439.19
9.29 -196.62 1441.34
11.62 -197.62 1444.99
10.88 -197.29 1451.96
9.43 -196.18 1458.1
7.49 -194.59 1462.85
2.84 -191.89 1468.31

LCI
2.7 -192.08 1468.25
7.67 -192.37 1464.74
12.83 -191.97 1461.59
16.44 -190.13 1458.65
20.2 -186.42 1457.83
20.66 -180.74 1455.39
15.96 -176.81 1452.85
9.97 -173.49 1452.76
4.48 -171.73 1454.64
-1.85 -170.46 1457.94

NCI
-1.78 -170.45 1457.97
2.49 -171.57 1453.47
5.82 -172.67 1447.76
6.66 -173.75 1443.13
6.36 -175.6 1439.06
5.12 -177.61 1436.68
2.51 -181.09 1434.97
-0.9 -184.47 1436.08
-5.48 -187.5 1438.62
-10.81 -188.16 1443.04
-15.36 -188.22 1447.12

RLS - closed
5.58 -184.56 1450.55
8.65 -184.81 1448.26
10.98 -187.02 1450.43
12.27 -189.35 1453.77
12.02 -191.37 1457.9
10.75 -192.4 1461.04
7.71 -192.67 1464.32
4.66 -192.5 1466.74
2.77 -192.28 1468.03
3.38 -190.91 1464.82
4.36 -188.99 1460.23
5.47 -187.14 1455.64
5.75 -185.6 1452.41

RNS - closed
5.5 -184.08 1450.56
8.46 -184.28 1447.98
6.77 -185.1 1445.44
3.7 -186.12 1442.87
0.62 -187.03 1440.76
-2.8 -187.73 1439.76
-6.92 -188.17 1440.31
-10.81 -188.05 1443.09
-15.3 -187.69 1447.27
-7.5 -186.49 1447.86
-0.89 -185.38 1448.74
3.31 -184.59 1449.67

LNS - closed
5.64 -184.09 1450.43
8.47 -184.09 1448.17
8.83 -181.02 1448.41
8.55 -175.82 1449.5
5.91 -172.79 1452.12
3.14 -171.15 1454.6
0.32 -170.48 1456.96
-1.21 -170.48 1458.18
0.9 -173.91 1455.92
3.11 -177.23 1453.6
4.77 -180.5 1451.73

