n52

R
26.4597 -184.68 215.479

L
25.5356 -166.092 225.194

N
12.8175 -168.399 208.722

RLC
16.7937 -183.073 239.022

RNC
-0.8181 -189.98 219.714

LNC
2.7767 -165.386 228.815

BR - closed
22.06 -164.29 220.78
24.59 -164.8 223.49
27.34 -167.37 225.27
29.34 -170.78 225.66
29.55 -174.45 223.78
29.21 -178.11 221.24
28.25 -181.67 218.04
26.71 -183.81 214.96
23.79 -184.71 210.96
19.81 -182.32 207.61
16.53 -178.85 205.72
13.77 -175.07 204.65
13.05 -170.94 206.18
13.99 -167.65 209.23
16.62 -165.08 213.84
19.19 -164.18 217.43

RGH
26.47 -184.65 215.52
24.25 -182.54 216.55
21.9 -179.9 217.56
19.77 -176.37 218.25
17.73 -174.94 219.29
15.85 -175.53 220.63

LGH
25.52 -166.13 225.15
23.75 -168.1 223.01
21.02 -170.68 221.42
18.78 -172.74 220.3
17.42 -173.76 220.46
15.89 -174.69 221.54

NGH
12.7 -168.55 208.91
14.2 -169.92 211.76
15.86 -171.52 215.06
16.83 -172.88 217.75
16.5 -173.88 219.42
15.23 -174.74 220.59

RCI
-0.96 -190.08 219.93
3.32 -188.57 215.27
8.78 -187.44 211.91
14.84 -186.76 211.46
20.6 -185.89 212.41
24.95 -185.02 214.06
26.29 -184.61 215.61
27.14 -184.01 219.24
26.42 -183.23 223.57
24.89 -183.59 228.41
21.67 -183.52 233.39
16.91 -183.24 239.08

LCI
16.79 -183.13 239.26
21.02 -181.73 234.97
25.28 -178.41 230.92
26.95 -174.49 227.72
27.48 -170.51 226.42
25.41 -166.45 225.09
21.92 -165.05 223.3
16.8 -164.23 222.82
11.57 -163.36 224.04
7.4 -164.45 225.93
2.85 -165.36 228.88

NCI
2.63 -165.38 228.87
6.81 -164.76 224.94
10.94 -164.01 219.6
13.54 -166.1 214.28
13.01 -167.72 208.68
11.46 -173.16 205.66
10.57 -178.59 207.57
7.61 -183.69 210.36
3.47 -187.19 214.28
-0.77 -189.89 219.58

RLS - closed
16.08 -174.99 221.78
17.95 -174.21 219.78
21.44 -175.59 221.95
23.49 -177.56 225.65
23.36 -179.71 230.14
21.58 -181.38 233.96
19. -182.47 236.74
16.66 -183.31 238.94
16.78 -180.47 233.03
16.52 -178.08 228.11
16.32 -176.04 223.91

RNS - closed
15.76 -175.46 220.49
17.56 -174.7 219.1
17.23 -176.68 215.7
14.38 -180.68 212.36
10.49 -184.23 211.6
5.62 -187.2 213.54
1.93 -188.65 216.59
-0.96 -189.5 219.58
3.61 -185.98 219.18
9.21 -181.27 219.51
13.1 -178.15 219.43

LNS - closed
15.39 -174.93 220.25
17.5 -174.12 218.08
16.73 -171.39 217.86
13.68 -166.6 218.99
10.26 -164.55 221.37
7.26 -164.75 224.14
4.8 -164.99 226.42
2.53 -165.41 228.61
5.72 -167.27 226.36
9.28 -169.48 223.91
12.93 -172.17 221.53

