n56

R
3.2198 -183.903 139.407

L
3.0745 -168.038 143.508

N
-8.3162 -175.098 127.907

RLC
-5.364 -179.641 155.157

RNC
-17.4081 -188.447 139.941

LNC
-17.4212 -166.784 142.768

BR - closed
-2.86 -166.19 135.51
0.19 -166.12 139.2
2.93 -167.52 142.11
5. -170.25 143.86
6.39 -174.03 144.53
5.94 -178.42 142.8
4.78 -182.57 140.29
2.31 -185.11 136.63
-1.06 -185.62 132.44
-3.57 -184.57 129.71
-5.5 -181.87 128.12
-7.02 -177.82 127.38
-7.46 -173.37 128.04
-6.97 -169.26 129.74
-5.51 -167.17 132.06

RGH
3.16 -183.9 139.46
0.94 -181.6 139.46
-0.99 -179.61 139.46
-2.83 -177.79 139.53
-3.96 -177.25 139.95
-5.3 -177.49 141.05

LGH
3.01 -168.24 143.61
1.34 -170.29 142.67
-0.36 -172.33 141.79
-2.32 -174.57 140.92
-3.64 -175.76 140.77
-5.34 -176.33 141.9

NGH
-8.33 -174.97 128.01
-7.09 -175.33 130.56
-6.2 -175.82 133.74
-4.67 -176.36 137.41
-4.59 -176.66 139.17
-5.57 -176.9 140.29

RCI
-17.38 -188.32 140.05
-13.32 -187.82 137.23
-8.52 -187.08 135.97
-4.23 -186.51 136.06
0.53 -185.29 137.52
3.09 -183.68 139.4
3.72 -181.67 142.37
2.57 -179.86 145.41
0.71 -179.67 149.06
-1.3 -179.43 151.53
-5.47 -179.69 155.02

LCI
-5.53 -179.68 155.12
-2.08 -178.38 152.39
1.23 -176.27 149.08
3.28 -173.99 145.87
4.21 -170.92 144.48
2.86 -168.3 143.09
-0.1 -166.64 141.33
-4.5 -166.14 139.72
-8.09 -166.26 139.35
-12.93 -166.32 140.52
-17.35 -166.76 142.77

NCI
-17.4 -166.76 142.79
-14.19 -166.87 139.86
-11.13 -167.66 135.93
-9.4 -169.23 132.65
-8.46 -172.02 129.39
-8.06 -175.03 128.05
-8.28 -178.68 128.56
-9.1 -181.94 130.46
-11.05 -184.49 132.99
-14.33 -186.86 136.62
-17.42 -188.37 140.14

RLS - closed
-6.32 -176.27 141.
-3.98 -175.6 138.89
-2.28 -175.83 140.54
0.21 -176.12 142.78
1.43 -176.81 146.28
0.63 -177.64 149.64
-1.84 -178.49 152.48
-5.41 -179.37 155.02
-5.28 -178.48 151.13
-5.7 -177.58 146.98
-5.82 -176.82 143.59

RNS - closed
-5.96 -177.09 141.
-3.86 -176.48 139.08
-4.19 -178.16 137.2
-5.87 -180.86 135.71
-8.71 -183.99 135.16
-11.72 -186.4 135.81
-14.09 -187.64 137.24
-15.81 -188.26 138.63
-17.16 -188.57 140.
-14.28 -185.89 139.89
-11.57 -183.22 139.98
-8.96 -180.67 140.05
-7.35 -178.72 140.59

LNS - closed
-6.02 -176.66 140.9
-3.86 -176.03 138.92
-5.1 -173.38 138.12
-7.01 -170.32 137.53
-8.86 -168.11 137.45
-11.46 -166.7 138.44
-13.79 -166.48 139.99
-16.05 -166.61 141.72
-17.21 -166.86 142.73
-14.13 -168.77 141.71
-10.91 -171.12 140.88
-8.78 -173.31 140.75
-7.05 -175.16 140.68

