n50

R
11.6135 -164.314 1254.91

L
18.9459 -149.006 1260.04

N
3.8143 -150.589 1244.43

RLC
7.5684 -157.166 1276.96

RNC
-9.1796 -161.417 1259.91

LNC
-0.8724 -140.197 1263.39

BR - closed
14.29 -144.49 1253.16
17.51 -145.49 1256.71
19.6 -148.46 1259.39
20.06 -152.43 1260.54
19.14 -157.11 1260.36
16.74 -161.4 1258.56
13.17 -164.15 1255.27
9.88 -164.62 1251.9
6.62 -163.15 1248.23
4.27 -159.3 1245.12
3.12 -155.22 1243.24
4.86 -150.28 1244.23
6.93 -146.96 1245.85
10.75 -144.85 1249.51

RGH
11.58 -164.33 1254.91
10.88 -161.8 1255.23
9.39 -159.85 1256.4
8.87 -157.18 1256.52
8.3 -155.14 1256.78
6.68 -154.56 1258.3

LGH
18.85 -148.96 1260.1
15.85 -150.34 1259.47
13.03 -151.65 1258.87
10.3 -153.1 1257.92
8.39 -154.03 1257.42
6.59 -153.96 1258.82

NGH
3.75 -150.62 1244.56
4.92 -151.5 1247.28
6.07 -152.52 1250.77
7.24 -153.47 1253.87
7.8 -154.04 1255.95
6.11 -153.95 1258.32

RCI
-9.17 -161.41 1259.89
-3.56 -161.81 1254.93
0.76 -162.39 1253.2
4.88 -162.95 1252.88
8.54 -163.86 1253.06
11.57 -164.19 1254.9
13.05 -163.22 1257.99
13.58 -161.71 1261.93
13.38 -160.41 1266.03
11.71 -158.76 1271.07
7.58 -157.27 1276.85

LCI
7.51 -157.17 1277.02
11.08 -157.53 1272.6
14.78 -157.03 1267.76
16.91 -155.27 1264.06
18.49 -152.24 1261.56
18.97 -148.93 1260.12
15.89 -146.1 1258.38
11.49 -144.91 1257.58
6.47 -142.46 1258.16
2.58 -141.1 1260.59
-0.91 -140.26 1263.44

NCI
-0.92 -140.25 1263.48
2.98 -141.85 1258.71
5.44 -143.86 1254.
6.27 -145.94 1249.56
5.63 -148.01 1246.41
3.85 -150.38 1244.5
2.06 -153.85 1244.45
0.8 -157.15 1246.94
-1.35 -159.55 1250.84
-5.02 -160.99 1255.1
-9.21 -161.46 1259.98

RLS - closed
6.44 -154.35 1258.73
8.63 -154.71 1256.68
11.43 -155.88 1259.32
13.4 -156.97 1263.18
14.48 -157.76 1266.75
13.33 -157.86 1269.94
10.54 -157.54 1273.46
7.58 -157.13 1276.8
8.03 -156.53 1271.4
7.64 -155.7 1266.12
7.26 -154.92 1261.13

RNS - closed
6.11 -154.83 1258.06
8.2 -155.15 1256.1
4.85 -158.19 1253.96
0.66 -160.71 1253.2
-3.46 -161.54 1254.91
-6.87 -161.44 1257.5
-9.32 -161.11 1259.74
-3.47 -159.02 1258.68
1.36 -157.11 1258.07
4.32 -155.75 1257.98

LNS - closed
6.1 -154.18 1258.35
8.38 -154.35 1256.15
8.48 -150.99 1255.7
7.68 -146.31 1255.97
6.2 -143.34 1257.09
3.12 -141.22 1259.85
-0.75 -140.21 1263.5
2.02 -144.45 1261.26
4.38 -149.6 1259.53
5.57 -152.61 1258.69

