n51

R
26.2315 -204.349 -113.558

L
31.8287 -188.43 -109.644

N
13.0005 -189.165 -125.091

RLC
19.9076 -198.312 -91.3316

RNC
-0.2624 -201.123 -109.534

LNC
9.5915 -179.667 -101.723

BR - closed
22.61 -184.11 -118.9
26.48 -183.61 -115.74
29.99 -184.17 -112.83
32.08 -186.33 -111.02
33.19 -189.86 -109.96
33.2 -193.52 -109.78
32.02 -198.74 -110.53
29.53 -202.85 -112.4
26.36 -204.64 -114.93
22.77 -204.65 -117.88
18.88 -204.73 -121.08
15.16 -203.22 -124.2
11.71 -200.44 -127.16
10.66 -196.07 -128.21
11.84 -192.22 -127.4
14.36 -188.45 -125.5
18.39 -185. -122.33

RGH
26.3 -204.39 -113.42
24.48 -201.79 -112.65
22.43 -198.62 -111.91
20.71 -195. -111.82
19.83 -193.48 -111.6
18.65 -193.23 -110.31

LGH
31.8 -188.3 -109.63
29.22 -189.22 -109.89
25.45 -190.73 -110.75
21.8 -192.23 -111.69
20.09 -192.67 -111.34
18.61 -192.59 -109.64

NGH
13.13 -189.17 -124.98
15.99 -190.64 -120.89
18.04 -191.99 -116.27
19.42 -192.81 -113.69
19.42 -193.07 -112.19
18.44 -193.03 -110.91

RCI
-0.35 -201.1 -109.49
4.45 -203.35 -114.82
9.9 -204.37 -116.66
14.79 -205.58 -116.68
20.36 -205.36 -115.57
26.05 -204.43 -113.55
27.86 -202.39 -109.67
27.02 -200.72 -105.58
24.68 -199.64 -100.42
19.82 -198.33 -91.48

LCI
19.6 -198.3 -91.29
24.82 -198.37 -97.65
27.63 -197.01 -101.95
30.55 -193.28 -106.68
31.73 -188.58 -109.5
28.64 -185.64 -110.08
24.25 -183.63 -110.1
19.78 -181.5 -108.95
15.33 -180.02 -106.78
9.48 -179.66 -101.64

NCI
9.51 -179.66 -101.54
12.61 -180.13 -108.46
15.08 -182.62 -114.68
15.59 -185.37 -120.59
13.2 -189.34 -125.03
8.95 -194.98 -124.95
6.54 -198.97 -120.93
3.44 -200.78 -116.97
-0.29 -201.15 -109.53

RLS - closed
18.04 -192.86 -109.49
20.55 -193.01 -112.46
23.05 -194.16 -111.52
25.32 -195.87 -108.05
26.73 -197.45 -103.83
25.14 -198.04 -99.29
22.92 -198.24 -95.33
20.09 -198.21 -91.43
20.28 -196.56 -98.18
20.37 -194.95 -104.59
19.36 -193.67 -108.21

RNS - closed
18.13 -192.45 -109.64
19.92 -192.64 -112.04
18.9 -194.12 -114.43
16.07 -196.57 -117.13
12.86 -198.67 -118.58
8.14 -200.43 -117.59
3.91 -201.47 -115.42
1.44 -201.48 -112.76
-0.2 -200.98 -109.78
5.19 -198.79 -110.5
11.26 -196.05 -110.64
16.18 -193.66 -110.36

LNS - closed
18.02 -192.43 -109.55
20.1 -192.51 -112.08
20.39 -190.01 -112.87
19.36 -185.42 -112.38
18.2 -182.87 -111.39
15.83 -180.76 -108.86
13.12 -179.66 -105.72
11.11 -179.47 -103.28
9.88 -179.58 -101.76
12.88 -183.26 -104.81
15.51 -187.06 -107.39
17.27 -190.43 -108.97

