n53

R
13.4388 -173.268 1612.64

L
19.145 -156.124 1622.53

N
-0.9583 -155.976 1607.75

RLC
9.3393 -170.604 1634.74

RNC
-9.0648 -172.273 1621.31

LNC
-1.4115 -152.987 1630.04

BR - closed
0.72 -155.27 1608.52
6.73 -152.15 1613.99
12.02 -152.1 1617.9
16.25 -152.73 1620.81
19.84 -156.72 1622.14
20.97 -162.91 1620.92
18.68 -169.25 1617.13
14.61 -172.92 1612.91
8.86 -172.95 1608.66
3.98 -170.29 1605.94
-0.12 -166.28 1604.25
-1.65 -159.93 1605.22

RGH
13.6 -173.23 1612.73
12.09 -170.45 1613.88
10.28 -167.77 1615.44
8.61 -164.15 1616.56
7.48 -162.8 1617.62
6.18 -162.9 1619.27

LGH
19.12 -156.23 1622.44
16.3 -157.66 1620.85
12.47 -159.57 1620.05
9.33 -161.15 1618.64
7.89 -161.87 1618.63
6.72 -162.43 1619.75

NGH
-0.91 -156.03 1607.81
0.53 -157.03 1609.51
4.27 -159.08 1612.73
7.02 -160.88 1615.72
6.95 -161.83 1617.83
5.91 -162.32 1619.27

RCI
-9.07 -172.27 1621.16
-5.07 -172.38 1615.13
0.1 -172.4 1612.25
6.18 -173.04 1611.31
13.15 -173.04 1612.58
15.9 -172.18 1616.97
15.79 -170.88 1622.15
13.89 -170.4 1628.06
9.38 -170.61 1634.61

LCI
9.37 -170.61 1634.64
13.73 -168.94 1629.43
16.75 -166.34 1625.65
19.26 -161.49 1622.81
19.16 -156.25 1622.21
15.2 -153.59 1621.71
9.85 -152.76 1622.24
4.25 -151.65 1624.42
-1.32 -153. 1629.93

NCI
-1.42 -153.03 1630.07
1.36 -151.55 1624.78
3.12 -151.98 1618.43
2.55 -153.17 1613.18
0.96 -154.61 1609.71
-0.67 -156.28 1608.05
-2.44 -161.11 1606.98
-4.24 -166.51 1610.19
-6.52 -169.87 1614.84
-8.93 -172.25 1620.98

RLS - closed
6.37 -162.49 1619.14
7.56 -162.11 1617.85
8.41 -162.15 1617.59
10.63 -163.38 1619.22
12.66 -164.98 1621.67
13.95 -166.47 1624.22
14.2 -167.68 1626.64
13.83 -168.83 1629.17
11.72 -169.77 1632.04
10.57 -170.26 1633.52
9.65 -170.43 1634.28
9.34 -169.64 1632.75
9.14 -168.59 1630.66
8.36 -166.87 1627.41
7.79 -165.25 1624.28
7.28 -163.99 1621.89
6.64 -163.07 1620.23

RNS - closed
6.14 -162.27 1618.77
7.31 -161.79 1616.96
6.43 -162.84 1615.02
4.26 -164.78 1613.38
1.42 -166.98 1612.86
-2.32 -169.51 1613.93
-4.7 -170.84 1615.92
-6.57 -171.79 1617.94
-7.84 -172.31 1619.88
-8.41 -172.54 1620.8
-7.11 -171.68 1620.35
-4.52 -169.88 1619.82
-1.71 -167.9 1619.44
1.46 -165.68 1618.93
4.26 -163.62 1618.91
5.71 -162.54 1618.98

LNS - closed
6.63 -161.92 1617.97
7.7 -161.54 1616.52
7.69 -160.49 1616.65
7.02 -157.71 1617.9
5.67 -154.4 1620.17
4.15 -152.43 1622.53
2.63 -151.79 1624.74
0.99 -152.05 1627.02
-0.33 -152.7 1628.81
-0.92 -152.85 1629.61
-0.25 -153.51 1628.6
0.7 -154.83 1627.11
1.85 -156.75 1625.28
3.16 -158.44 1623.25
4.45 -159.98 1621.26
5.41 -161.41 1619.75
5.82 -162.02 1619.1

