n68

R
27.5138 -204.185 1417.56

L
28.9188 -190.131 1428.65

N
19.4969 -187.116 1408.32

RLC
14.9207 -205.159 1436.16

RNC
2.5017 -207.054 1411.05

LNC
4.7888 -184.332 1424.94

BR - closed
26.18 -184.94 1422.94
27.75 -186.37 1425.8
29.41 -189.26 1428.07
30.35 -192.87 1428.26
30.58 -196.38 1426.85
30.37 -200.21 1424.24
29.69 -202.93 1421.12
28.53 -203.36 1418.17
26.96 -203.56 1414.4
25.05 -202.78 1410.38
23.31 -201.62 1406.96
21.63 -199.37 1404.27
20.06 -195.53 1402.74
19.59 -192.57 1403.28
19.85 -190.02 1405.31
20.48 -187.02 1408.46
21.06 -184.77 1411.06
22.05 -183.58 1414.05
24.01 -183.74 1418.53

RGH
27.48 -204.17 1417.68
25.08 -202.49 1418.36
22.06 -199.95 1419.19
19.77 -197.93 1419.81
18.67 -196.91 1420.1
16.96 -197.12 1420.7

LGH
28.91 -190.24 1428.58
27.27 -191.59 1425.69
22.92 -194.04 1422.5
20.21 -195.5 1420.78
18.77 -196.17 1420.25
17. -196.69 1420.78

NGH
19.46 -187.2 1408.44
19.95 -189.56 1411.43
19.57 -192.75 1415.48
19.08 -195.12 1418.49
18.21 -196.06 1419.69
16.6 -196.59 1420.37

RCI
2.45 -207.11 1410.88
10.36 -206.47 1408.5
17.02 -205.59 1409.71
21.98 -205.54 1411.39
26.04 -204.56 1415.19
27.55 -204.28 1417.53
27.6 -205.12 1420.92
26.41 -205.47 1424.51
23.79 -205.74 1428.17
20.91 -206.07 1431.67
17.41 -205.59 1434.3
14.91 -205.19 1436.14

LCI
14.72 -205.18 1436.31
21.18 -202.68 1433.18
25.09 -198.93 1431.21
27.82 -194.93 1429.68
28.5 -190.37 1428.35
25.32 -187.69 1426.2
21.77 -186.22 1424.17
16.67 -184.39 1421.73
11.37 -183.87 1421.99
4.71 -184.5 1425.12

NCI
4.81 -184.37 1424.93
10.87 -184.24 1421.
15.93 -184.21 1416.55
18.98 -185.17 1412.53
19.61 -187.34 1408.41
18.03 -190.88 1405.3
16.42 -196.53 1404.92
13.51 -201.26 1406.52
8.77 -205.42 1408.23
2.44 -207.08 1410.88

RLS - closed
17.28 -196.73 1421.15
19.51 -196.26 1420.25
21.66 -198.52 1423.94
23.04 -200.71 1427.55
22.19 -202.75 1431.02
20.18 -203.9 1433.03
17.27 -204.84 1434.75
15.05 -205.49 1435.95
15.97 -203.17 1432.01
17.08 -199.77 1426.25
16.97 -197.99 1423.28

RNS - closed
16.66 -197.08 1420.06
19.24 -196.6 1419.04
19.31 -198.1 1416.09
17.66 -200.7 1412.26
15.1 -203.08 1409.57
11.75 -204.84 1408.67
7.25 -206.28 1409.27
2.53 -207.2 1411.02
6.96 -204.29 1413.35
11.89 -201.03 1415.97
15.35 -198.53 1418.23

LNS - closed
17.24 -196.72 1420.97
19.48 -196.28 1420.03
19.29 -193.33 1419.94
18. -189.08 1420.25
15.03 -185.55 1421.27
12.66 -183.83 1422.15
8.83 -183.58 1423.71
5. -184.31 1425.32
8.44 -186.84 1424.04
12.18 -190.41 1422.7
15.35 -194.23 1421.6

