n60

R
22.2948 -187.484 1874.92

L
28.1757 -168.089 1882.28

N
12.896 -169.804 1866.91

RLC
15.9796 -183.126 1895.68

RNC
-3.9635 -182.003 1878.17

LNC
5.7361 -162.211 1887.73

BR - closed
21.43 -164.82 1875.71
25.39 -165.44 1879.61
27.67 -167.7 1881.71
30.34 -172.36 1884.01
29.42 -178.15 1882.65
27.54 -183.31 1880.38
24.68 -187.23 1877.22
20.02 -187.4 1872.55
15.99 -186.65 1868.59
13.45 -183.92 1866.27
11.37 -179.4 1864.54
11.3 -173.56 1864.92
14.43 -168.44 1868.44
17.82 -165.71 1872.04

RGH
22.26 -187.66 1874.9
20.6 -184.66 1876.09
18.83 -181.3 1877.35
17.33 -178.02 1878.35
16.38 -176.43 1879.06
14.22 -176.34 1881.16

LGH
28.16 -168.28 1882.28
25.82 -170.27 1880.39
22.71 -172.12 1879.83
18.71 -174.34 1879.46
16.39 -175.01 1880.71
14.85 -175.12 1882.36

NGH
12.83 -169.99 1866.93
13.59 -171.35 1870.03
14.42 -172.67 1872.98
15.53 -174.55 1877.2
15.65 -175.32 1879.18
14. -175.59 1881.08

RCI
-3.78 -181.95 1878.38
1.51 -182.44 1874.11
5.5 -184.25 1871.64
10.21 -185.27 1870.94
15.02 -186.35 1871.55
19.81 -187.09 1873.13
22.14 -186.93 1874.79
23.88 -186.47 1879.16
23.42 -185.32 1882.82
22.25 -184.92 1887.36
19.91 -184.42 1891.16
15.68 -182.69 1895.48

LCI
15.59 -182.82 1895.44
21.67 -182.57 1891.15
24.6 -180.44 1887.68
26.8 -177.15 1885.75
28.36 -173.66 1884.55
28.24 -168.59 1882.45
24.97 -166.32 1880.58
19.93 -164.87 1880.13
15.53 -163.15 1880.82
10.79 -162.1 1883.22
5.71 -162.38 1887.8

NCI
5.68 -162.37 1887.72
9.5 -162.41 1883.09
12.72 -163.31 1877.92
14.48 -166.03 1873.27
14.25 -168.34 1869.62
13.01 -170.12 1867.29
10.46 -173.92 1866.25
7.82 -177.45 1867.9
3.58 -180.74 1870.83
-0.2 -181.68 1874.86
-3.78 -181.97 1878.39

RLS - closed
17.66 -175.74 1878.68
19.94 -177.57 1880.74
21.12 -179.42 1883.78
21.76 -181.17 1887.03
21.2 -182.34 1890.02
19.34 -183.04 1893.1
17.36 -183.05 1894.77
15.98 -182.95 1895.7
16.18 -181.75 1892.95
15.73 -179.7 1888.86
15.42 -178.19 1885.85
15.2 -176.85 1883.13
14.75 -175.82 1881.27

RNS - closed
15.7 -175.91 1876.63
13.82 -177.2 1874.29
10.95 -178.75 1872.34
6.45 -180.51 1871.66
3.57 -181.31 1872.44
0.7 -181.83 1874.23
-2.28 -182.15 1876.88
-3.72 -182.3 1878.18
0.01 -181.06 1877.91
2.92 -180. 1878.07
6.1 -178.84 1878.21
10.18 -177.1 1879.37
13.02 -175.89 1880.13
14.2 -175.39 1880.45
16.64 -175.2 1878.

LNS - closed
17.03 -174.36 1878.01
17.07 -171.67 1877.66
16.17 -168.05 1878.15
14.71 -165.27 1879.29
12.85 -163.04 1880.88
10.59 -162. 1883.02
7.98 -162.15 1885.62
5.81 -162.11 1887.77
7.57 -164.45 1886.29
10.11 -167.2 1884.08
11.68 -169.14 1882.74
12.91 -171.05 1881.73
14.17 -174.48 1880.87
15.76 -174.36 1879.27

