n62

R
18.4148 -198.255 -197.044

L
22.1224 -174.298 -188.374

N
5.8764 -181.862 -207.156

RLC
12.1501 -190.285 -171.453

RNC
-11.1554 -199.865 -189.451

LNC
-3.3475 -171.614 -184.967

BR - closed
12.69 -173.89 -198.92
17.18 -172.43 -193.86
22.62 -174.19 -188.41
26.14 -179.57 -185.73
27.02 -187.46 -186.34
24.62 -194.46 -190.28
21.32 -197.27 -194.35
15.24 -197.63 -200.89
10.37 -195.44 -205.64
7.1 -191.43 -208.33
6.35 -184.24 -207.71
8.74 -177.03 -203.75

RGH
18.44 -198.29 -196.92
16.32 -194.04 -195.91
13.96 -190.71 -194.46
11.98 -186.86 -193.49
10.75 -185.15 -192.73
8.75 -185.19 -190.9

LGH
22.06 -174.37 -188.42
19.77 -176.67 -189.97
15.73 -180.09 -191.31
12.51 -182.91 -192.59
10.83 -184. -192.44
9.08 -184.42 -190.75

NGH
5.82 -181.98 -207.13
7.18 -182.67 -203.35
8.28 -183.36 -199.62
9.56 -184.12 -195.56
9.66 -184.6 -193.11
7.91 -185.03 -191.35

RCI
-10.99 -199.79 -189.34
-4.51 -199.9 -196.78
3.63 -198.29 -199.68
11.7 -197.59 -200.49
18.59 -197.34 -196.52
20.9 -195.87 -190.15
20.42 -192.91 -184.53
17.91 -191.43 -178.39
12.18 -190.29 -171.63

LCI
12.13 -190.3 -171.57
17.64 -189.66 -176.82
22.09 -185.98 -182.29
23.96 -179.47 -185.68
22.14 -173.76 -188.14
16.84 -172.29 -191.1
10. -171.54 -191.2
4.25 -170.61 -189.57
-3.15 -171.67 -184.96

NCI
-3.37 -171.68 -184.9
2.35 -170.95 -190.19
6.5 -172.91 -195.93
7.44 -177. -202.51
6.28 -182.03 -206.73
3.9 -188.15 -206.71
1.37 -193.52 -203.7
-2.8 -197.84 -199.09
-7.3 -199.37 -194.58
-11.05 -199.68 -189.38

RLS - closed
10.18 -185.03 -190.51
11.63 -184.88 -191.45
14.22 -185.42 -190.28
17.39 -186.5 -187.4
18.42 -187.97 -182.5
17.56 -189.06 -178.43
15.53 -189.72 -175.51
14.37 -190.13 -173.76
12.6 -190.43 -172.17
12.47 -189.93 -173.89
12.53 -189.28 -176.21
12.06 -188.46 -178.96
11.59 -187.69 -181.53
11.36 -186.81 -184.58
10.81 -185.96 -187.42
10.41 -185.46 -189.05

RNS - closed
8.9 -185.26 -191.17
10.39 -185.06 -192.7
9.81 -186.99 -195.28
6.89 -190.54 -197.7
3.45 -193.79 -198.93
-0.4 -196.62 -198.94
-2.53 -197.8 -198.28
-5.59 -198.73 -196.04
-8.17 -199.14 -193.49
-10.34 -199.39 -191.19
-10.73 -198.94 -189.94
-8.53 -197.42 -190.09
-5. -195.2 -190.73
-2.19 -193.42 -191.2
2.55 -190.27 -191.77
5.71 -188.12 -192.06
7.87 -186.35 -191.74

LNS - closed
10.11 -183.78 -191.92
10.56 -181.46 -193.02
9.77 -178.16 -193.31
7.94 -173.97 -192.95
5.55 -171.92 -191.45
3.45 -170.77 -189.93
0.74 -170.64 -187.58
-0.64 -170.83 -186.3
-2.08 -171.54 -184.82
-1.19 -172.59 -185.29
0.84 -174.77 -186.43
3.38 -177.24 -187.94
5.5 -179.4 -189.17
7.42 -181.47 -190.24
8.77 -183.2 -190.91
9.29 -183.74 -191.21

