n63

R
22.3948 -160.517 -125.353

L
26.039 -144.565 -117.27

N
10.8078 -146.44 -131.051

RLC
19.2585 -160.092 -104.159

RNC
-0.1666 -163.438 -121.349

LNC
4.5682 -143.55 -112.163

BR - closed
16.64 -141.82 -125.22
22.92 -143.27 -120.22
27.01 -145.36 -117.33
29.36 -148.98 -116.41
30.51 -153.63 -116.85
29.59 -156.73 -118.6
25.96 -159.08 -122.47
20.67 -160.95 -127.63
16.05 -158.59 -130.9
11.91 -153.88 -133.04
10.95 -148.24 -132.14
12.63 -143.46 -129.2

RGH
22.45 -160.53 -125.2
20.45 -158.16 -123.91
18.31 -156.06 -122.4
15.87 -153.74 -120.65
14.62 -153.21 -119.54
13.18 -153.88 -117.85

LGH
25.98 -144.81 -117.29
22.8 -147.07 -117.81
20.26 -148.88 -118.26
17.21 -151.2 -119.41
15.4 -152.48 -119.69
14.36 -152.97 -118.82
13.35 -153.34 -117.6

NGH
10.84 -146.57 -131.03
12.15 -148.18 -128.2
13.51 -149.9 -125.15
14.6 -151.52 -122.23
14.54 -152.34 -120.54
12.82 -153.15 -118.28

RCI
-0.15 -163.53 -121.32
6.16 -161.16 -126.86
10.49 -160.82 -127.75
16.38 -161.05 -127.74
22.4 -160.58 -125.19
24.38 -160.22 -120.44
24.51 -159.65 -115.29
22.53 -159.8 -109.89
19.31 -160.14 -104.21

LCI
19.31 -160.16 -104.22
22.45 -157.75 -108.13
25.3 -154.29 -111.01
26.92 -150.31 -113.77
25.94 -144.84 -117.28
19.8 -142.91 -118.55
14.23 -141.72 -117.97
10.07 -141.45 -116.48
4.83 -143.48 -112.22

NCI
4.55 -143.55 -112.02
8.38 -141.98 -117.01
10.62 -142.22 -121.81
11.62 -143.48 -127.3
10.82 -146.59 -131.12
9.44 -151.66 -131.34
7.53 -156.69 -129.53
4.13 -160.78 -126.08
-0.13 -163.31 -121.43

RLS - closed
15.76 -153.02 -119.82
18.8 -154.03 -118.43
22.05 -155.78 -115.43
23.24 -157.29 -112.3
23.1 -158.47 -109.5
21.76 -158.95 -107.95
20.31 -159.78 -105.54
19.53 -160.03 -104.71
18.64 -159.06 -106.69
18.06 -157.68 -109.7
16.71 -156.26 -112.57
15.56 -155.12 -114.86
14.15 -154.07 -116.83
13.62 -153.65 -117.65
14.85 -153.12 -119.29

RNS - closed
13.57 -153.16 -118.69
14.86 -152.77 -120.45
14.32 -153.72 -122.64
11.77 -156.13 -125.24
8.72 -158.51 -126.55
5.53 -160.51 -126.07
3.12 -161.64 -124.3
0.32 -162.84 -121.8
2.1 -161.7 -121.98
5.27 -159.49 -121.62
8.12 -157.32 -120.63
11.45 -154.76 -119.38
12.62 -153.82 -118.79

LNS - closed
15.15 -152.07 -120.77
14.87 -149.61 -121.04
13.77 -146.56 -120.55
11.8 -143.71 -119.09
10.14 -142.24 -117.65
8.62 -142.34 -116.
6.82 -142.76 -113.97
5.56 -143.26 -112.51
6.08 -144.08 -112.88
7.67 -145.68 -114.21
9.74 -148.22 -115.85
11.09 -150.18 -116.85
12.26 -152.27 -117.63
12.9 -152.87 -118.18
14.08 -152.34 -119.57

