n69

R
20.7052 -185.906 983.835

L
22.6981 -169.056 994.661

N
9.7032 -163.837 972.192

RLC
9.7606 -183.205 1003.06

RNC
-7.7739 -181.986 978.881

LNC
0.3623 -159.368 995.298

BR - closed
23.17 -168.98 994.39
24.18 -175.81 993.45
22.63 -182.75 987.6
19.75 -186.14 980.72
15.14 -182.73 973.4
11.74 -178.61 968.68
9.87 -171.33 968.17
10.33 -164.21 972.03
12.44 -161.81 977.03
15.92 -161.44 983.78
20.06 -163.76 990.67

RGH
20.71 -185.8 983.77
18.51 -182.92 984.78
15.11 -179.65 986.37
11.67 -177.47 988.03
9.09 -177.42 989.32
6.61 -178.6 990.62

LGH
22.8 -169.36 994.7
20.66 -170.7 992.26
16.81 -172.56 990.41
13. -174.36 988.79
10.94 -175.15 988.7
8.71 -175.72 989.91

NGH
9.68 -163.96 972.14
10.33 -166.44 975.58
10.94 -169.02 979.19
11.41 -171.39 982.51
10.87 -173.44 985.5
9.83 -174.38 986.99
7.85 -175.03 988.2

RCI
-7.59 -181.89 979.4
7.63 -185. 977.38
15.77 -186.29 979.94
20.37 -185.55 983.62
19.89 -184.06 989.13
18.09 -183.02 993.65
9.78 -183.4 1003.

LCI
9.64 -183.09 1003.11
16.12 -182.65 998.89
20.88 -177.98 994.83
22.46 -173.54 994.86
22.57 -168.64 995.21
17.9 -164.65 992.38
11.68 -161.49 991.99
6.47 -159.43 993.06
0.55 -159.89 995.24

NCI
0.25 -159.85 995.37
4.73 -159.1 991.04
9.21 -161.02 982.16
10.3 -162.25 976.68
10.14 -164.84 972.79
8.15 -169.25 970.07
2.94 -176.67 973.27
-7.43 -181.86 979.35

RLS - closed
9.99 -183.6 1002.79
13.94 -182.79 1000.74
16.1 -181.59 998.26
15.03 -179.46 994.67
13.74 -177.84 992.02
12.01 -176.05 989.13
11.64 -175.57 988.33
10.39 -175.77 988.9
8.92 -175.88 989.33
9.24 -177.05 991.34
9.82 -178.98 994.66
10.3 -181.24 998.57
10.58 -182.89 1001.45

RNS - closed
-7.53 -182.47 978.68
-4.38 -181.64 977.04
-0.82 -180.58 976.01
2.83 -179.3 976.21
6.08 -177.9 977.99
8.45 -176.81 979.8
10.52 -175.63 982.86
11.58 -174.82 985.67
10.93 -174.71 987.83
9.48 -175.09 988.61
8.39 -175.62 987.61
6.29 -176.73 985.11
3.16 -178.16 982.78
-0.99 -179.89 980.86
-3.96 -181.11 979.54
-6.24 -182.01 978.75

LNS - closed
3.68 -159.03 993.07
7.32 -160.55 990.91
9.23 -162.47 989.65
11.01 -164.65 988.43
11.86 -168.1 987.57
11.92 -171.19 987.17
11.67 -173.6 987.03
10.83 -174.61 987.36
9.53 -174.93 988.04
8.78 -174.21 988.53
8.13 -171.39 989.21
6.97 -167.17 990.33
5.22 -163.41 991.72
3.95 -161.66 992.61
2.2 -160.24 993.73
0.56 -159.25 994.74
2.1 -159.13 993.92

