n65

R
24.7822 -185.603 953.8

L
31.5419 -159.522 962.472

N
10.5623 -164.214 947.91

RLC
22.3327 -174.818 975.758

RNC
3.5982 -180.281 965.27

LNC
10.3058 -157.889 968.1

BR - closed
27.3 -157.78 959.3
31.38 -158.97 961.79
34. -162.56 962.93
34.9 -168.68 962.53
33.21 -176.33 960.18
29.19 -182.88 956.47
25.07 -185.36 953.36
18.72 -183.7 949.46
13.73 -179.88 946.79
10. -172.36 945.56
10.55 -165.73 946.99
14.85 -161.59 950.49
20.95 -158.66 954.98

RGH
24.77 -185.68 953.95
23.82 -181.37 954.59
22.76 -178.12 955.58
21.9 -173.97 956.11
21.09 -171.63 956.89
19.86 -171.31 958.67

LGH
31.57 -159.55 962.55
29.23 -161.84 961.28
25.35 -165.65 959.18
22.31 -168.52 957.87
20.79 -169.81 957.64
19.79 -170.24 958.75

NGH
10.54 -164.16 948.08
12.86 -165.33 949.7
16.13 -166.83 951.54
18.58 -168.5 954.51
19.62 -169.52 956.66
19.59 -169.92 957.83
19.08 -170.05 958.57

RCI
3.64 -180.32 965.33
7. -181.78 957.55
11.38 -182.5 954.66
17.29 -184.64 952.55
21.58 -185.19 952.15
24.52 -185.11 953.42
27.56 -183.85 956.88
28.86 -181.49 960.66
29.48 -179.63 962.63
29.77 -177.2 966.37
27.56 -176.36 971.18
22.3 -174.74 975.63

LCI
22.25 -174.93 975.61
29.76 -174.52 969.54
31.35 -171.5 964.7
33.05 -166.5 963.85
31.13 -159.54 962.22
26.49 -158.8 959.67
21.32 -157.47 960.35
17.67 -156.66 962.21
13.89 -157.39 964.45
10.21 -158.08 968.12

NCI
10.27 -158.08 968.09
12.77 -157.42 962.65
14.06 -158.43 956.48
14.1 -162.29 951.6
11.33 -164.53 948.55
8.75 -169.22 947.6
7.7 -173.73 950.19
6.12 -177.27 953.78
4.39 -179.4 957.98
3.67 -180.39 965.38

RLS - closed
21.72 -170.14 958.21
25.18 -171.69 960.71
27.75 -173.39 964.35
27.78 -174.78 968.82
25.06 -175.3 972.47
22.36 -175.56 975.26
22.6 -174.11 970.4
21.84 -171.94 963.94
20.64 -170.3 959.52

RNS - closed
20.16 -170.72 956.24
17.64 -172.99 954.04
12.81 -176.32 953.54
8.14 -178.89 955.4
5.47 -180.02 957.73
3.81 -180.5 960.
3.14 -179.61 964.9
7. -177.64 962.74
13.93 -174.03 959.22
17.59 -171.86 958.29
18.74 -171.17 958.03

LNS - closed
20.19 -169.65 958.69
21.21 -169.34 957.12
20.04 -164.66 957.35
18.08 -160.57 958.91
15.32 -157.88 962.06
14.02 -157.39 963.78
11.14 -157.95 968.11
13.78 -160.56 965.12
17.19 -164.81 961.52
18.93 -167.52 959.84

