n64

R
20.2457 -208.337 -230.786

L
28.0402 -185.728 -219.871

N
7.6763 -187.294 -237.675

RLC
17.6518 -202.493 -204.554

RNC
-3.8947 -207.233 -220.945

LNC
1.0837 -183.284 -212.411

BR - closed
23.49 -182.97 -223.21
26.77 -184.52 -220.67
28.86 -187.83 -219.49
28.91 -194.49 -220.69
26.71 -200.22 -223.65
23.42 -206. -227.56
17.1 -207.29 -233.23
10.61 -203.95 -238.19
6.61 -197.82 -240.49
6.28 -190.31 -239.37
11.27 -183.41 -233.79
17.66 -183.01 -228.22

RGH
20.19 -208.44 -230.61
18.45 -204.18 -228.93
16.67 -200.4 -227.17
14.53 -196.52 -225.
13.21 -195.48 -223.57
11.7 -195.89 -221.8

LGH
27.93 -185.79 -219.88
24.52 -187.75 -220.93
21.25 -189.63 -221.85
16.79 -192.14 -222.88
13.84 -193.68 -223.03
11.63 -194.45 -221.24

NGH
7.58 -187.37 -237.6
9.51 -188.69 -234.92
11.25 -190.44 -231.03
12.72 -192.41 -226.43
11.83 -193.25 -223.81
10.5 -193.67 -222.09

RCI
-3.61 -206.69 -220.58
-1.02 -206.31 -226.01
3.13 -206.25 -230.8
8.44 -206.69 -232.17
13.97 -207.08 -232.26
20.29 -207.97 -230.64
22.74 -207.67 -226.24
22.96 -205.32 -221.44
22.89 -204.75 -216.64
21.65 -204.31 -212.31
17.96 -202.54 -204.61

LCI
17.92 -202.38 -204.52
21.39 -200.9 -208.85
24.07 -199.44 -211.68
25.45 -196.9 -214.73
26.85 -194.17 -217.55
28.5 -190.21 -218.64
27.86 -186.44 -219.97
23.53 -184.3 -221.66
18.01 -182.28 -222.06
12.25 -181.25 -220.16
7.89 -181.56 -217.6
1.46 -183.19 -212.46

NCI
1.18 -183.18 -212.31
4.47 -182.2 -216.22
7.3 -181.76 -221.77
8.91 -182.94 -226.57
9.3 -183.81 -232.13
7.7 -187.27 -237.68
5.4 -191.76 -238.77
3.77 -196.47 -236.99
2.44 -200.41 -233.9
0.39 -203.85 -230.
-1.66 -205.63 -225.63
-3.28 -206.87 -220.69

RLS - closed
14.67 -194.18 -224.55
18.77 -196.11 -221.67
21.19 -198.13 -217.58
22.36 -199.9 -213.48
20.89 -200.96 -209.75
19.3 -201.72 -206.78
17.9 -202.19 -204.7
17.29 -200.58 -208.71
16.04 -198.75 -212.95
14.23 -196.6 -217.74
12.01 -194.84 -221.22

RNS - closed
13.78 -195.36 -224.84
11.99 -197.99 -227.57
8.5 -201.66 -229.78
5.09 -204.12 -229.53
1.8 -206.36 -228.99
-0.61 -207.28 -227.04
-2.08 -207.17 -224.43
-3.85 -206.96 -221.08
0.97 -203.71 -221.94
5.19 -200.65 -222.22
9.22 -197.57 -222.16
11.77 -195.51 -221.9
13.78 -195.11 -224.3

LNS - closed
13.89 -194.16 -224.8
13.58 -190.89 -225.08
12.44 -187.54 -224.46
10.56 -183.97 -223.04
8.3 -181.82 -220.93
6.51 -181.51 -218.98
3.44 -182.28 -215.39
1.07 -183.39 -212.52
4.28 -185.92 -215.63
7.64 -188.85 -218.82
10.39 -192.12 -221.27
11.57 -194.98 -222.04

