n67

R
18.5822 -162.029 -154.074

L
22.6707 -147.401 -144.432

N
5.4728 -148.73 -160.044

RLC
15.2433 -160.932 -134.112

RNC
-2.2872 -165.732 -147.015

LNC
2.0351 -145.208 -137.693

BR - closed
9.85 -144.53 -154.7
14.58 -143.18 -149.99
19.21 -143.81 -146.2
23.12 -147.66 -144.37
24.04 -152.77 -145.68
22.37 -158.54 -149.53
18.66 -161.78 -154.12
13.52 -163.06 -159.15
8.37 -161.61 -163.07
4.78 -155.78 -163.79
6.21 -148.3 -159.44

RGH
18.74 -162.03 -153.97
17.3 -160.43 -152.74
15.18 -158.24 -150.89
13.22 -156.32 -149.17
12.08 -155.44 -148.12
10.62 -156.02 -146.49

LGH
22.68 -147.58 -144.39
21.11 -148.78 -146.13
18.43 -150.57 -147.17
15.65 -152.28 -147.11
13.55 -153.54 -146.77
11.92 -154.4 -145.63

NGH
5.55 -148.7 -160.
7.03 -149.9 -157.51
8.67 -151.44 -154.29
10.68 -153.14 -150.74
11.25 -154.12 -148.66
10.41 -154.76 -147.17

RCI
-2.25 -165.66 -147.12
2.54 -164.26 -151.93
7.93 -164.03 -154.88
13.06 -163.68 -155.65
18.2 -161.8 -154.05
20.4 -160.86 -148.1
19.78 -160.83 -144.06
18.28 -160.68 -139.92
15.14 -160.99 -134.26

LCI
15.09 -160.98 -134.17
19.44 -158.69 -139.79
22.13 -156.08 -143.97
23.52 -151.9 -145.14
21.93 -146.76 -144.83
18.19 -145.06 -145.6
12.97 -144.14 -145.02
8.32 -143.82 -143.08
2.06 -145.28 -137.79

NCI
1.94 -145.28 -137.75
5.1 -144.15 -143.09
7.5 -144.05 -149.67
7.43 -145.88 -155.86
5.55 -148.68 -160.07
3.71 -153.57 -161.32
2.66 -158.56 -158.
1.15 -162.27 -152.91
-2.24 -165.72 -147.06

RLS - closed
12.34 -152.78 -148.06
14.97 -154.17 -146.48
17.58 -155.69 -144.67
19.5 -157.08 -142.84
20.1 -158.6 -140.38
18.76 -159.53 -138.35
17.3 -159.97 -137.11
15.91 -160.63 -135.52
15.32 -160.95 -134.78
15.37 -159.65 -137.05
14.8 -158.11 -139.55
14.02 -156.63 -141.89
13.01 -155.06 -144.32
11.9 -154.14 -145.56
10.96 -153.52 -146.35
11.25 -153.13 -147.11

RNS - closed
12.35 -154.01 -148.26
10.94 -156. -150.91
8.56 -158.65 -153.07
5.69 -161.1 -153.3
2.72 -163.27 -152.34
0.57 -164.44 -150.39
-0.91 -165.16 -148.76
-1.86 -165.47 -147.23
0.02 -163.96 -147.38
3.14 -161.37 -147.38
6. -159.06 -147.58
8.03 -157.38 -147.58
10.37 -155.33 -147.25
11.21 -154.51 -146.83
12. -154.12 -147.67

LNS - closed
11.51 -152.4 -148.27
10.98 -149.51 -147.89
9.58 -146.32 -146.56
7.7 -143.91 -144.64
6.39 -143.69 -143.21
4.72 -144.09 -141.32
3.36 -144.56 -139.78
2.21 -145.16 -138.47
3.11 -145.69 -139.44
4.82 -147.23 -141.22
6.5 -148.84 -142.97
7.89 -149.97 -144.43
9.05 -151.27 -145.63
9.85 -152.57 -146.42
10.23 -153.51 -146.77
10.9 -153.53 -147.51

