n66

R
26.6253 -179.589 255.47

L
34.6245 -166.544 269.49

N
18.7016 -160.218 249.574

RLC
20.6117 -180.157 279.321

RNC
-2.0865 -178.795 260.992

LNC
8.8846 -157.259 276.269

BR - closed
29.03 -156.86 263.56
32.88 -159.89 268.
35. -164.65 269.68
35.32 -170.94 268.55
33.15 -176.69 264.2
29.22 -179.67 258.16
24.15 -178.93 251.51
20.76 -175.74 247.73
18.08 -170.53 245.39
17.23 -164.71 245.68
20.34 -158.56 251.41
24.68 -156.32 257.81

RGH
26.64 -179.51 255.39
25.12 -177.17 257.42
23.43 -174.97 259.54
22.1 -172.12 261.56
21.08 -170.84 262.82
19.4 -171.09 264.16

LGH
34.74 -166.41 269.47
32.37 -166.89 267.6
28.79 -167.7 266.51
24.59 -168.65 265.37
21.9 -169.26 264.46
19.55 -169.86 265.33

NGH
18.78 -160.2 249.64
19.1 -162.54 253.13
19.64 -164.92 256.63
20.48 -167.15 259.78
20.47 -168.78 262.3
19.23 -169.29 263.51
18.11 -169.53 264.26

RCI
-2.22 -178.77 260.89
4.38 -177.24 254.24
11.01 -176.5 252.35
19.71 -178.1 252.41
24. -179.15 253.37
26.23 -179.2 255.43
27.86 -179.79 259.45
27.65 -179.98 265.19
25.21 -180.61 271.66
20.72 -180.29 279.07

LCI
20.66 -180.24 279.21
24.51 -179.2 274.24
28.99 -176.9 271.11
32.86 -173.61 269.39
34.38 -170.05 268.92
34.62 -166.45 269.38
32.49 -162.94 269.59
28.21 -159.67 268.59
23.24 -157.56 269.03
17.7 -155.6 271.11
9.12 -157.23 276.32

NCI
8.88 -157.19 276.3
15.4 -155.34 270.79
19.18 -155.41 264.69
20.09 -156.73 257.78
18.91 -160.49 249.88
13.48 -166.83 248.46
8.89 -172.19 251.59
4.85 -176.06 253.88
-2.13 -178.91 260.9

RLS - closed
18.44 -169.17 265.15
21.26 -168.66 263.06
23.3 -170.8 264.61
25.63 -174.69 268.12
25.82 -177.41 271.32
24.02 -179.23 274.47
21.88 -180.35 276.93
20.59 -180.7 278.04
21.21 -177.83 274.23
20.47 -173.59 269.47
19.32 -170.57 266.39

RNS - closed
18.59 -169.83 264.51
20.74 -169.52 262.55
18.9 -171.15 258.44
14.12 -173.57 255.42
8.86 -175.68 254.49
3.85 -177.02 256.37
0.44 -177.8 258.27
-2.04 -178.1 260.74
2.34 -176.4 261.32
7.56 -174.49 261.47
11.92 -172.77 262.15
15.84 -171.12 263.17

LNS - closed
18.25 -169.47 264.41
21.19 -168.93 262.23
21.45 -165.2 263.22
21.04 -160.69 265.
19.41 -157.38 267.37
15.74 -155.58 270.89
12.23 -156.07 273.53
8.9 -156.98 275.91
10.57 -159.15 273.87
13.62 -162.88 270.24
16.26 -165.77 267.19
17.5 -167.73 265.57

