n61

R
16.7746 -187.411 209.04

L
24.4715 -170.313 219.153

N
8.973 -166.277 200.854

RLC
9.946 -184.972 231.102

RNC
-7.9932 -181.115 213.598

LNC
3.0287 -161.146 224.882

BR - closed
20.58 -165.94 213.28
23.12 -167.31 216.24
25.25 -170.28 218.62
25.59 -175.1 218.76
24.02 -180.19 216.61
21.98 -183.69 213.99
19.73 -186. 211.18
16.22 -186.98 206.94
11.99 -184.3 202.02
9.48 -179.78 199.27
7.6 -174.93 197.29
6.93 -170.1 196.75
8.69 -167.14 199.01
11.5 -165.11 202.47
16.03 -164.57 207.91

RGH
16.6 -187.36 209.1
16.45 -183.67 209.63
15.05 -179.96 211.31
13.93 -176.95 212.66
12.95 -175.97 213.67
11.24 -176.06 215.23

LGH
24.38 -170.27 219.22
21.78 -171.73 216.85
18.57 -173.27 214.94
15.28 -174.6 213.97
13.5 -175.15 214.11
11.61 -175.34 215.8

NGH
9.01 -166.33 200.98
9.7 -168.48 204.27
10.72 -170.92 207.82
12.57 -173.81 211.55
12.85 -174.95 213.37
11.13 -175.16 215.

RCI
-8.08 -181.08 213.67
-3.32 -181.18 208.23
1.12 -182.62 205.46
5.34 -183.89 204.98
9.67 -185.5 205.24
13.91 -187.14 206.16
16.85 -186.96 209.03
19.03 -186.36 212.32
19.79 -185.82 215.82
18.94 -184.76 219.24
16.51 -184.98 223.89
13.18 -184.9 227.56
9.97 -184.99 231.01

LCI
9.92 -184.98 231.06
15.88 -183.1 227.06
19.57 -180.32 223.94
22.55 -177.68 221.53
24.98 -174.39 220.18
24.89 -170.28 219.52
22.48 -167.74 217.81
18.25 -165.92 216.61
14.68 -163.81 217.5
11.04 -161.36 219.37
7.05 -160.46 221.58
3.03 -161.16 224.91

NCI
3.04 -161.17 224.92
7.36 -160.71 219.6
10.95 -162.9 214.02
11.22 -164.21 209.56
10.74 -165.3 204.89
9.06 -166.49 201.2
6.02 -169.28 199.96
3.65 -172.91 200.87
-0.01 -176.67 203.66
-3.81 -179.4 208.02
-8.09 -181.06 213.67

RLS - closed
11.5 -175.5 215.34
13.74 -175.04 213.11
16.74 -177.94 215.2
18.5 -181.24 218.75
17.41 -183.41 222.65
14.84 -184.6 226.15
11.74 -185.12 229.08
9.69 -185.24 230.69
10.15 -182.69 226.67
10.76 -179.67 221.89
11.53 -177.4 218.07

RNS - closed
11.3 -175.21 215.1
13.94 -174.47 212.71
11.78 -175.11 209.73
7.88 -176.25 206.7
3.16 -177.61 206.25
-1.3 -178.89 207.49
-5.01 -179.93 210.39
-8.09 -180.8 213.68
-3.47 -179.47 213.58
2.87 -177.65 213.53
9.16 -175.83 214.26

LNS - closed
11.5 -175.49 215.27
13.71 -174.9 213.18
14.27 -171.46 213.03
13.88 -167.5 213.88
12.26 -163.41 215.94
9.4 -161.11 219.02
6.53 -160.36 221.91
3.33 -161.23 224.94
5.84 -164.93 222.05
8.32 -169.21 219.12
10.46 -172.59 216.63

