n6

R
27.7613 -176.806 118.906

L
29.2521 -157.116 126.443

N
15.2995 -161.798 107.21

RLC
18.0585 -172.729 141.207

RNC
4.8787 -180.119 118.652

LNC
4.1123 -155.908 129.904

BR - closed
24.4 -155.31 120.2
28.97 -156.75 125.65
31.6 -160.59 127.92
32.29 -165.9 127.3
31.46 -170.72 124.85
29.03 -174.03 120.8
27.43 -176.85 117.94
23.03 -177.64 112.07
17.98 -174. 106.64
16.02 -166.21 106.34
16.33 -159.01 108.8
20.19 -155.66 114.7

RGH
27.71 -177. 118.82
25.53 -174.32 119.2
22.28 -170.18 119.71
19.75 -167.18 120.2
18.05 -166.37 121.03
16.57 -166.9 122.27

LGH
29.08 -157.09 126.37
27.02 -158.82 125.17
23.09 -161.59 124.19
20.23 -164.4 121.52
18.54 -165.58 121.15
16.67 -166.18 122.48

NGH
15.19 -162.01 107.04
16.03 -162.94 110.34
16.65 -164. 114.01
17.73 -165.35 118.76
17.44 -165.98 120.84
16.29 -166.4 122.1

RCI
4.93 -180.08 118.63
11.95 -178.81 114.63
18.13 -177.64 113.68
22.79 -177.88 114.94
27.55 -176.77 118.74
28.87 -173.62 124.32
27.25 -172.33 130.99
24.34 -172.56 136.54
18.19 -172.67 141.16

LCI
18.15 -172.71 141.17
24.26 -170.46 136.61
28.08 -167.2 132.09
30.21 -163.55 129.7
30.48 -159.86 128.14
29.02 -157.44 126.15
24.67 -155.82 123.92
19.71 -154.9 123.32
14.6 -154.08 123.69
9.61 -154.19 125.52
4.22 -155.91 129.91

NCI
4.09 -155.91 129.98
9.89 -154.7 123.6
13.01 -155.64 117.7
15.01 -157.93 112.09
15.73 -162.23 107.96
14.72 -167.4 107.74
12.16 -172.91 110.23
9.17 -176.58 114.21
4.98 -180.08 118.62

RLS - closed
20.02 -166.2 120.84
22.36 -166.94 123.
25.21 -168.29 127.17
26.18 -169.72 131.79
24.73 -170.82 135.56
22.02 -171.61 138.48
19.8 -171.99 139.99
18.23 -172.31 141.19
18.28 -171.07 137.1
18.09 -169.37 131.5
17.63 -167.71 126.08
17.33 -166.8 123.12

RNS - closed
19.87 -166.8 119.58
16.87 -171.87 116.28
14.06 -175.52 114.59
11.71 -177.82 114.14
8.35 -179.12 116.05
4.88 -180.07 118.53
7.54 -177.81 118.6
11.18 -173.76 119.91
14.04 -170.86 120.59
16.57 -167.86 121.74
17.28 -166.8 122.35
20.03 -166.25 120.12

LNS - closed
16.78 -166.53 122.36
19.45 -165.67 120.05
17.52 -161.58 120.56
14.97 -157.09 121.44
11.72 -154.74 123.41
7.52 -154.91 126.74
4.04 -155.89 129.71
8.74 -158.83 126.75
12.35 -161.27 124.52
14.93 -164.08 123.2

