n71

R
24.0711 -217.356 1305.68

L
31.5568 -198.266 1312.

N
13.6617 -199.487 1293.56

RLC
16.5001 -206.648 1328.15

RNC
-2.9702 -208.797 1310.16

LNC
7.4619 -188.621 1313.88

BR - closed
24.85 -194.23 1304.38
28.91 -195.16 1308.67
31.88 -198.32 1311.97
32.19 -203.57 1312.69
31.42 -208.95 1312.29
29.37 -213.33 1310.5
25.46 -216.7 1306.71
20.6 -217.27 1301.72
16.33 -215.98 1297.2
13.54 -211.94 1294.01
12.33 -206.17 1292.32
13.46 -200.63 1293.07
17.06 -196.23 1296.47
20.95 -194.43 1300.37

RGH
24.06 -217.46 1305.71
22.19 -213.14 1306.3
20.54 -209.08 1306.75
18.73 -205.12 1307.4
17.42 -203.78 1308.32
15.85 -203.89 1309.95

LGH
31.47 -198.09 1311.8
28.27 -199.4 1310.63
23.56 -201.35 1308.85
19.53 -202.82 1307.97
17.51 -203.3 1308.42
15.84 -203.26 1310.24

NGH
13.76 -199.43 1293.76
14.78 -200.33 1296.47
16.07 -201.6 1300.48
16.88 -202.8 1304.61
17.04 -203.49 1307.35
15.58 -203.61 1309.32

RCI
-2.93 -208.8 1310.28
1.74 -210.88 1305.51
7.71 -214. 1302.23
14.22 -216.29 1302.73
18.5 -217.6 1303.37
24.6 -216.98 1305.85
25.66 -214.98 1311.56
24.43 -212.79 1315.5
21.55 -210.08 1321.64
16.74 -206.74 1328.2

LCI
16.73 -206.74 1328.22
23.48 -205.71 1322.89
28.75 -203.71 1317.42
31.31 -201.32 1313.49
31.38 -198.21 1311.91
27.55 -196.58 1309.15
22.4 -194.14 1307.38
16.88 -191.07 1307.49
12.32 -189.57 1309.68
7.7 -188.74 1313.74

NCI
7.6 -188.69 1313.88
12.7 -190.21 1307.32
15.62 -193.5 1301.99
15.85 -196.17 1297.19
14. -199.91 1293.86
10.48 -205.5 1294.28
7.64 -209.2 1298.3
3.83 -210.42 1302.32
0.47 -209.57 1306.29
-2.83 -208.77 1310.15

RLS - closed
19.04 -203.75 1308.05
21.66 -204.74 1309.4
23.74 -205.88 1312.24
23.99 -207.1 1317.9
22.86 -207.55 1321.62
20.45 -207.52 1324.65
16.52 -207.09 1327.75
16.96 -206.47 1324.13
17.09 -205.71 1320.19
17.33 -204.8 1315.45
17.01 -203.99 1311.88
16.75 -203.54 1310.05

RNS - closed
17.38 -204.21 1306.51
15.65 -205.79 1303.78
12.31 -207.55 1301.89
8.72 -209.18 1300.5
6.12 -209.96 1300.52
2.27 -210.14 1303.06
-0.3 -209.72 1306.13
-1.8 -209.23 1308.56
-2.56 -208.92 1309.95
1.67 -207.82 1309.47
8.42 -205.86 1309.26
12.59 -204.65 1309.1
15.51 -203.71 1309.24
17.76 -203.8 1307.26

LNS - closed
18.23 -202.91 1307.15
18.4 -199.68 1306.18
18.23 -195.92 1305.41
16.81 -192.53 1305.96
15.2 -190.36 1307.01
11.8 -189.29 1310.08
9.56 -188.51 1312.09
7.88 -188.59 1313.77
9.45 -190.71 1312.75
11.61 -194.41 1311.55
13.53 -197.53 1310.44
14.78 -199.88 1309.79
15.85 -202.73 1309.45

