n78

R
4.2303 -181.736 18.7121

L
14.2202 -166.132 31.5461

N
-3.5354 -161.996 16.636

RLC
1.3697 -181.655 42.112

RNC
-17.1107 -176.399 29.3133

LNC
-6.0905 -159.441 39.278

BR - closed
8.29 -162.03 26.69
12.42 -163.98 29.92
15.76 -168.25 31.86
15.51 -175.32 29.88
13.2 -180.44 26.54
8.41 -182.2 21.8
2.04 -180.9 16.41
-2.91 -176.03 13.17
-5.82 -170.21 12.
-4.66 -163.86 14.62
0.19 -160.78 19.74
4.36 -161.03 23.42

RGH
4.17 -181.73 18.77
3.47 -178.92 21.06
2.84 -175.8 23.42
2.76 -172.66 25.13
2.13 -171.43 26.52
0.39 -171.67 28.5

LGH
14.24 -166.09 31.69
11.52 -167.24 29.82
8.39 -168.56 27.8
4.69 -170.04 26.46
2.45 -170.86 26.77
0.85 -171.32 28.82

NGH
-3.47 -162.01 16.59
-1.88 -164.18 18.72
0.18 -167.17 21.74
1.93 -169.79 24.43
1.8 -170.96 26.19
0.13 -171.63 28.19

RCI
-17.08 -176.44 29.26
-13.27 -176.6 23.61
-8.05 -177.29 19.81
-1.7 -179.19 17.45
4.18 -180.87 18.51
6.68 -181.87 22.85
7.31 -181.7 26.94
6.97 -180.94 31.33
4.97 -181.11 36.72
1.22 -181.36 41.86

LCI
1.15 -181.4 41.93
5.53 -180.13 37.09
10.6 -177.46 33.43
14.02 -172.5 32.58
13.89 -166.13 31.22
9.16 -163.02 29.87
3.28 -161.64 30.44
-1.25 -159.51 33.63
-5.92 -159.7 39.29

NCI
-6.06 -159.61 39.15
-2.55 -159.28 33.5
0.05 -160.05 27.48
-0.4 -161.41 21.96
-2.82 -162.51 16.85
-6.32 -166.3 15.38
-8.1 -169.5 16.82
-11.27 -173.45 20.99
-14.46 -175.48 24.67
-17.05 -176.52 29.26

RLS - closed
3.29 -171.4 26.
6.06 -173.98 27.48
7.12 -177.23 31.15
7.49 -179.6 34.12
5.71 -180.66 36.87
3.23 -181.34 39.64
1.33 -181.87 41.76
1.37 -177.96 36.37
1.29 -173.69 30.6
0.94 -172.05 28.62

RNS - closed
2.05 -170.51 24.32
-1.04 -171.7 21.17
-5.24 -173.19 19.48
-10.09 -174.76 20.41
-12.91 -175.6 22.41
-15.22 -176.2 25.58
-16.81 -176.56 29.02
-12.73 -175.24 28.12
-7.7 -173.61 27.3
-2.66 -171.94 27.06
0.29 -170.92 27.88
1.98 -170.45 25.92

LNS - closed
3.14 -169.83 25.54
3.79 -166.43 25.81
3.23 -163.11 27.5
1.72 -159.66 30.37
-0.99 -158.6 33.95
-3.71 -158.99 37.09
-5.67 -159.39 39.32
-3.44 -162.69 35.62
-0.91 -166.47 31.43
0.38 -169.38 28.99
0.69 -170.5 28.27

