n74

R
30.8642 -171.047 1174.77

L
29.9584 -150.687 1181.9

N
18.5227 -156.556 1163.74

RLC
19.4446 -166.347 1195.25

RNC
6.7337 -174.571 1173.

LNC
5.5806 -150.997 1180.47

BR - closed
19.06 -155.46 1163.97
21.54 -149.87 1169.69
25.86 -148.73 1176.1
30.79 -151.04 1181.94
34.02 -156.06 1184.31
34.77 -162.67 1182.63
32.22 -169.63 1176.25
27.89 -171.24 1169.63
22.27 -167.63 1163.37
19.48 -161.74 1161.96

RGH
30.84 -170.97 1174.8
29.08 -169.06 1174.88
25.86 -165.83 1175.16
23.61 -163.38 1175.25
22.24 -162.94 1175.86
21.33 -163.17 1176.54

LGH
29.97 -150.74 1181.85
28.22 -153.64 1179.7
26.26 -156.54 1177.81
23.73 -159.14 1177.06
22.64 -160.35 1176.6
20.45 -161.21 1178.02

NGH
18.56 -156.64 1163.71
19.66 -157.27 1165.85
20. -158.22 1168.83
21.05 -159.54 1173.1
20.47 -160.11 1174.78
18.62 -160.67 1176.22

RCI
6.75 -174.49 1173.1
15.26 -172.15 1169.06
20.42 -172.07 1169.88
26.61 -171.49 1171.32
30.47 -170.84 1174.78
31.02 -169.08 1179.1
29.42 -168.43 1183.79
25.93 -167.76 1189.94
19.38 -166.35 1195.32

LCI
19.44 -166.27 1195.29
27.28 -163.8 1190.13
30.69 -159.22 1186.83
31.05 -154.47 1184.22
29.67 -151.14 1181.53
26.45 -149.98 1179.58
21.78 -149.14 1177.94
14.53 -149.06 1177.28
5.65 -151.01 1180.4

NCI
5.7 -151.03 1180.34
11.32 -149.89 1175.45
16.39 -151.29 1170.34
18.2 -152.94 1166.47
18.77 -156.75 1164.06
17.88 -162.14 1163.43
16.42 -166.94 1165.74
12.07 -171.78 1169.01
6.79 -174.37 1172.98

RLS - closed
20.25 -161.53 1177.55
22.54 -160.98 1176.34
24.3 -161.34 1178.06
26.46 -162.38 1182.25
27.16 -163.36 1185.77
26.87 -164.05 1188.02
25.96 -164.73 1190.09
23.31 -165.45 1191.76
21.62 -165.95 1192.99
19.95 -166.49 1194.33
20.12 -165.99 1192.67
20.18 -164.68 1188.22
20.47 -163.31 1183.66
20.35 -162.14 1179.65

RNS - closed
20.7 -161.41 1176.94
22.34 -160.95 1175.7
22.22 -162.76 1173.13
20.69 -165.87 1170.29
17.24 -169.83 1168.43
14.51 -171.83 1168.64
11.21 -173.41 1170.16
8.7 -174.22 1171.89
7.33 -174.63 1172.88
8.76 -173.3 1173.19
11.58 -170.65 1173.84
14.78 -167.88 1174.21
17.94 -164.6 1175.41
19.83 -162.7 1176.03

LNS - closed
20.32 -161.35 1176.9
22.36 -160.58 1175.33
21.36 -158.18 1174.67
19.24 -155.1 1174.3
15.19 -151.55 1174.79
12.22 -150.26 1175.83
9.76 -150.05 1177.13
7.46 -150.79 1178.82
6.23 -151.37 1179.83
8.54 -152.95 1179.32
12.76 -155.67 1178.3
16.64 -158.27 1177.42
18.89 -159.93 1176.98

