n75

R
13.7449 -163.331 122.263

L
23.8446 -147.813 133.864

N
4.144 -144.198 118.347

RLC
11.383 -161.954 148.4

RNC
-8.153 -159.909 132.934

LNC
3.4614 -140.898 144.135

BR - closed
12.51 -139.78 125.98
18.35 -141.25 130.49
22.49 -144.53 133.23
24.62 -151.04 133.62
24.79 -156.1 132.7
21.94 -160.85 129.35
16.09 -163.33 123.99
11.07 -162.66 119.99
6.25 -159.86 116.59
3.15 -155.96 114.85
1.48 -150.45 114.63
3.55 -145.31 117.41
8.07 -141.45 121.96

RGH
13.77 -163.34 122.32
12.6 -160.45 124.65
11.41 -158.08 126.87
10.55 -155.41 128.73
9.81 -154.39 129.99
8.02 -154.86 132.21

LGH
23.9 -147.66 133.91
18.93 -149.89 131.77
15.5 -151.33 131.17
12.23 -152.73 130.37
10.15 -153.55 130.44
7.66 -154.27 133.

NGH
4.04 -144.18 118.37
6.07 -146.93 121.54
8.2 -150.21 125.55
9.42 -152.61 128.76
9.08 -153.5 130.55
7.07 -153.99 133.

RCI
-8.08 -159.78 132.99
-3.4 -160.04 124.5
0.87 -160.81 122.3
5.55 -162.27 121.
10.61 -162.96 120.82
13.62 -163.3 122.23
15.84 -163.25 125.74
16.71 -163.4 130.56
16.24 -163.91 136.56
14.65 -163.01 141.63
11.2 -161.78 148.19

LCI
11.15 -161.77 148.28
16.74 -162.08 140.69
19.38 -159.63 136.17
22.68 -156.18 134.51
23.58 -151.98 133.91
23.56 -147.91 133.82
20.08 -144.3 133.92
15.21 -142.53 134.01
10.7 -140.99 135.19
7.21 -141.33 138.28
3.57 -140.84 144.07

NCI
3.42 -140.84 144.12
5.88 -141.25 138.42
7.96 -139.87 132.35
8.15 -141.25 125.76
6.74 -142.45 121.46
4.01 -144.47 118.3
1.01 -149.05 116.97
-0.97 -153.1 118.98
-2.8 -156.28 121.98
-5.29 -158.98 125.7
-8.03 -159.84 132.94

RLS - closed
7.48 -155.26 131.89
10.39 -154.94 128.5
13.57 -157.03 131.36
16.16 -159.14 134.75
16.61 -160.69 138.51
16. -161.81 142.03
13.7 -162.3 145.33
11.4 -162.55 148.
11.59 -160.66 142.78
10.08 -158.06 137.14
8.92 -156.51 133.98

RNS - closed
7.98 -154.31 131.87
9.93 -153.82 129.43
7.42 -154.89 126.72
3.55 -156.35 125.08
-0.22 -157.69 124.52
-3.79 -158.84 125.61
-6.09 -159.5 127.37
-7.24 -159.7 130.11
-7.87 -159.71 132.76
-3.77 -158.38 131.66
0.86 -156.8 131.33
4.75 -155.45 131.44

LNS - closed
8.33 -153.68 132.01
10.31 -153.17 129.61
11. -149.12 130.2
10.79 -144.56 132.16
8.98 -141.84 135.52
6.89 -140.73 138.65
4.8 -140.47 141.47
3.09 -140.86 143.57
5.45 -144.38 139.18
7.12 -147.28 135.94
8.1 -150.26 133.57

