n76

R
24.0798 -191.47 -131.772

L
30.6135 -175.801 -121.478

N
18.4615 -174.296 -140.601

RLC
14.5991 -189.729 -110.136

RNC
-2.5161 -185.141 -131.108

LNC
7.1513 -167.003 -121.383

BR - closed
25.84 -170.33 -130.01
28.92 -172.38 -125.16
31.56 -176.43 -121.01
32.33 -182.37 -119.8
31.02 -187.53 -121.87
27.9 -191.54 -126.78
24.65 -191.41 -131.91
21.82 -190.15 -136.35
19.04 -185.76 -140.73
17.87 -179.48 -142.56
18.79 -174.96 -141.11
22.01 -170.54 -136.04

RGH
24.05 -191.48 -131.76
21.73 -187.34 -130.15
19.46 -183.64 -128.6
17.91 -181.41 -127.56
16.33 -180.68 -126.58
14.49 -180.65 -125.5

LGH
30.45 -175.7 -121.47
28.98 -176.61 -123.37
25.81 -177.79 -124.98
22.49 -178.83 -126.06
19.65 -179.66 -126.76
17.78 -180.12 -126.95
15.65 -180.23 -125.86

NGH
18.24 -174.21 -140.47
17.52 -176.24 -136.22
17.19 -178.16 -132.39
17.18 -179.76 -129.31
16.54 -180.43 -127.7
14.25 -180.53 -126.3

RCI
-2.55 -185.09 -131.1
2.27 -184.93 -135.6
8.45 -185.73 -137.66
14.15 -187.85 -137.69
19.03 -189.88 -136.19
23.9 -191.41 -131.88
24.59 -192.15 -126.55
22.32 -191.9 -120.61
19.79 -191.44 -116.34
14.75 -189.75 -110.2

LCI
14.68 -189.76 -110.14
20.29 -188.23 -113.08
25.79 -185.8 -116.39
30.43 -181.74 -119.22
30.56 -175.96 -121.64
26.36 -172.47 -124.94
21.72 -170.17 -126.41
16.7 -168.32 -126.63
12. -166.81 -125.35
7.26 -167.01 -121.64

NCI
7.13 -166.95 -121.49
11.63 -167.16 -125.87
16.07 -168.75 -129.31
18.91 -170.42 -133.75
19.54 -171.87 -137.14
18.39 -174.42 -140.49
15.51 -178.15 -141.04
11.67 -181.33 -139.65
7.32 -183.44 -138.15
2.56 -184.11 -135.82
-2.49 -185.1 -131.15

RLS - closed
18.77 -181.37 -126.53
20.56 -183.71 -124.19
20.99 -186.41 -120.46
20.21 -188.44 -116.96
18.1 -189.71 -113.74
16.11 -190.22 -111.71
14.37 -190.26 -110.55
14.86 -188.62 -113.3
15.14 -186.68 -116.35
15.68 -183.91 -120.8
16.31 -181.86 -124.24
16.23 -181.14 -125.26

RNS - closed
15.54 -180.58 -125.98
17.42 -180.61 -127.34
17.01 -181.29 -129.83
14.02 -182.63 -133.37
10.64 -183.77 -135.85
6.7 -184.47 -136.2
3.15 -184.88 -135.58
-0.13 -184.79 -133.15
-2.35 -184.69 -131.32
1.01 -184.02 -130.72
5.75 -183.04 -129.75
10.65 -181.98 -128.56
13.48 -181.24 -127.37

LNS - closed
16.81 -180.75 -126.03
18.54 -180.58 -127.16
18.97 -178.73 -127.69
18.22 -175.34 -127.71
16.26 -171.27 -127.05
13.43 -168.78 -125.61
10.29 -167.43 -123.81
6.98 -167.24 -121.73
9.61 -170.13 -122.98
12.24 -173.6 -124.16
14.59 -177.02 -125.16
15.93 -179.27 -125.69

