n7

R
20.3204 -191.822 1623.98

L
23.9679 -177.359 1630.01

N
13.0765 -180.167 1612.98

RLC
12.9836 -187.771 1641.05

RNC
-5.3197 -194.477 1624.65

LNC
4.5744 -168.841 1629.87

BR - closed
19.74 -171.18 1622.08
22.15 -170.16 1625.86
23.21 -170.9 1627.49
24.38 -174.31 1629.24
25.04 -178.41 1630.18
25.29 -183.9 1630.42
24.06 -188. 1628.41
22.18 -191.04 1625.41
19.76 -192.47 1621.62
17.02 -192.75 1617.34
14.36 -191.37 1613.24
12.29 -188.58 1610.07
12.14 -185.17 1609.92
14.13 -179.54 1613.15
16.7 -174.44 1617.28

RGH
20.3 -191.8 1624.
18.39 -189.75 1624.35
16.14 -187.38 1624.79
14.11 -184.99 1625.08
12.77 -184.01 1625.51
11.06 -184.17 1626.63

LGH
23.98 -177.43 1630.07
21.63 -178.83 1628.61
18.52 -180.23 1627.73
15.08 -181.81 1626.69
13.25 -182.41 1626.71
11.92 -182.54 1627.45

NGH
13.09 -180.13 1612.96
12.34 -180.81 1615.92
12.02 -181.53 1618.84
12.51 -182.43 1622.15
12.39 -182.88 1623.97
10.35 -183.1 1625.64

RCI
-5.25 -194.34 1624.75
1.81 -193.39 1620.3
8.96 -192.54 1619.29
14.21 -192.43 1620.25
18.3 -192.39 1621.95
20.13 -191.59 1623.76
20.73 -190.48 1627.91
19.81 -189.09 1631.61
16.76 -188.24 1636.63
12.85 -187.71 1640.9

LCI
12.76 -187.75 1641.03
17.19 -187.35 1637.05
21.55 -185.25 1633.53
23.98 -181.21 1631.58
24.08 -177.43 1630.14
20.86 -173.26 1628.76
16.42 -171.76 1627.18
11.37 -170.49 1626.99
4.64 -169.13 1629.83

NCI
4.59 -169.09 1629.92
9.23 -170.69 1623.8
11.95 -173.76 1619.39
13.57 -177.11 1615.56
13.35 -180.24 1613.36
10.66 -184.96 1612.75
7.09 -188.56 1615.21
3. -191.17 1618.2
-1.15 -193.04 1621.54
-5.21 -194.39 1624.81

RLS - closed
11.1 -183.27 1626.34
13.21 -183. 1624.98
15.72 -183.88 1627.37
18.13 -185.08 1630.88
18.57 -186.35 1635.04
17.28 -187.04 1637.62
15.04 -187.46 1639.51
13.08 -187.76 1640.9
13.61 -186.97 1638.16
13.38 -186.25 1635.8
13.25 -185.34 1632.77
12.43 -184.52 1630.22
11.49 -183.75 1627.86

RNS - closed
10.77 -182.94 1625.81
13.2 -182.82 1624.06
11.95 -185.43 1621.86
9.94 -188.63 1619.53
7.19 -191.06 1618.69
4.77 -192.38 1618.96
1.23 -193.33 1620.53
-1.89 -193.81 1622.36
-5.14 -194.12 1624.49
-1.04 -192.15 1623.72
4.97 -188.56 1623.44
7.54 -187.05 1623.3
9.51 -184.73 1624.59

LNS - closed
10.73 -182. 1625.99
13.14 -181.95 1624.3
13.35 -179.42 1624.17
13.43 -176.04 1624.13
12.29 -173.16 1624.95
10.82 -170.68 1626.01
8.06 -169.32 1627.96
4.99 -168.88 1630.13
6.97 -171.17 1628.72
8.32 -173.93 1627.75
9.26 -176.14 1627.07
10.05 -178.67 1626.5
10.36 -181.23 1626.26

