n77

R
19.6175 -174.535 236.947

L
24.9744 -157.769 245.842

N
11.44 -158.91 231.668

RLC
15.1801 -171.795 256.966

RNC
-1.7418 -176.652 241.066

LNC
3.8027 -155.199 248.688

BR - closed
20.63 -154.45 241.34
23.52 -155.5 244.11
25.59 -156.96 245.95
27.11 -158.93 247.11
27.42 -162.43 246.73
26.23 -166.43 244.7
24.37 -170.64 241.93
22.09 -173.77 238.95
18.7 -174.4 235.33
15.69 -173.65 232.38
13.03 -171.64 230.05
11.11 -168.25 228.76
10.43 -163.92 228.93
11.29 -160.83 230.44
12.64 -157.96 232.4
14.41 -155.77 234.67
17.78 -154.44 238.4

RGH
19.65 -174.55 237.11
18.22 -172.14 238.09
16.63 -169.42 239.18
15.18 -166.9 240.16
14.34 -165.81 240.77
13.19 -165.87 241.78

LGH
25.01 -157.78 245.93
22.91 -159.34 244.55
19.89 -161.42 243.01
16.7 -163.56 241.61
14.89 -164.61 241.27
13.26 -165.13 242.21

NGH
11.61 -158.97 231.72
12.7 -160.34 233.55
13.36 -161.85 235.82
13.51 -163.33 238.33
13.76 -164.31 239.91
12.63 -164.83 241.41

RCI
-1.72 -176.59 241.08
3.41 -175.58 237.48
7.75 -175. 235.78
12.48 -174.87 234.96
16.71 -174.36 235.3
19.49 -174.23 236.98
20.81 -173.68 240.07
20.87 -172.73 243.05
20.6 -172.41 247.66
18.69 -171.96 251.64
15.14 -171.81 256.99

LCI
15.11 -171.83 257.02
18.82 -170.64 252.29
21.87 -168.23 249.46
24.02 -164.37 248.1
25.32 -159.87 247.3
24.81 -157.49 246.01
21.31 -155.76 244.6
17.93 -154.98 244.04
13.19 -154.52 243.95
8.89 -153.81 245.42
3.91 -155.35 248.7

NCI
3.81 -155.36 248.76
7.43 -154.05 244.74
10.08 -154.59 240.73
12.11 -156.66 236.05
11.57 -159.28 231.74
9.43 -163.97 230.64
7.41 -168.2 231.77
5.92 -171.48 234.05
2.05 -174.63 237.91
-1.63 -176.58 241.03

RLS - closed
13.21 -165.46 242.41
15.01 -165.21 240.92
17.68 -166.57 242.87
19.58 -168.26 246.
19.86 -169.63 249.16
19.12 -170.72 252.15
17.03 -171.41 254.86
15.22 -171.84 256.8
14.89 -170.09 252.75
14.47 -168.19 248.36
14.03 -166.7 245.01

RNS - closed
13.42 -165.51 241.76
14.59 -165.46 240.31
13.86 -167.17 238.07
11.66 -169.63 236.41
8.45 -172.29 235.73
4.89 -174.35 236.64
1.58 -175.8 238.34
-0.11 -176.23 239.79
-1.63 -176.67 241.
1.53 -174.42 240.99
5.77 -171.53 240.73
9.09 -169.14 240.78
11.55 -167.24 241.03

LNS - closed
13.03 -165.19 241.83
14.49 -164.9 240.4
13.91 -161.56 240.44
12.62 -158.31 241.16
9.97 -155.57 243.24
7.4 -154.81 245.54
5.43 -154.91 247.41
3.88 -155.18 248.91
6.06 -156.8 247.11
9.21 -159.32 244.52
12.19 -163.31 242.33

