n72

R
29.1671 -197.943 -124.787

L
31.0981 -182.473 -121.859

N
15.9379 -187.519 -134.106

RLC
25.712 -194.535 -104.973

RNC
4.9675 -201.901 -117.631

LNC
11.2633 -179.636 -116.819

BR - closed
15.32 -190.95 -134.84
17.8 -183.83 -132.26
22.57 -180.77 -128.26
27.88 -180.45 -124.11
32.97 -184.33 -120.51
34.42 -190.72 -119.97
30.93 -196.03 -123.18
26.24 -199.98 -127.18
21.62 -201.29 -130.9
16.9 -197.57 -134.22

RGH
29.24 -197.79 -124.73
27.01 -196.06 -124.
24.57 -194.21 -123.16
22.38 -192.45 -122.52
21.06 -191.69 -121.82
19.29 -191.95 -119.53

LGH
31. -182.49 -121.91
29.39 -184.28 -122.95
26.05 -186.7 -122.58
22.29 -189.41 -122.16
20.7 -190.3 -121.48
18.87 -190.53 -119.16

NGH
15.95 -187.55 -133.99
16.96 -188.28 -131.35
17.78 -189.13 -128.05
18.72 -190.06 -124.47
18.72 -190.44 -122.7
16.83 -190.71 -120.14

RCI
4.9 -201.91 -117.55
10.45 -201.92 -124.18
16.51 -202.74 -126.52
22.81 -201.64 -126.61
29.42 -197.34 -124.51
30.78 -196.1 -120.06
31.02 -196.85 -114.88
27.48 -195.44 -108.42
25.68 -194.54 -104.91

LCI
25.73 -194.55 -104.97
30.92 -192.59 -111.74
33.27 -189.47 -116.4
33.45 -186.51 -119.15
30.81 -182.44 -121.85
26.27 -180.25 -123.21
21.22 -179.6 -122.9
16.38 -178.87 -120.9
11.27 -179.7 -116.83

NCI
11.35 -179.65 -116.65
14.19 -179.95 -123.56
16.37 -182.59 -130.17
15.93 -187.66 -133.92
14.1 -194.29 -132.63
11.44 -199.1 -128.17
8.38 -200.87 -123.72
4.97 -201.86 -117.69

RLS - closed
21.81 -190.69 -122.01
23.8 -191.17 -120.69
26.07 -191.83 -118.56
27.68 -192.37 -116.67
29.75 -192.99 -114.69
30.52 -193.38 -113.06
30.47 -193.66 -111.51
29.44 -193.83 -109.92
28.46 -193.93 -108.75
27.06 -194.04 -107.27
26.38 -194.16 -106.16
25.86 -194.22 -105.49
25.29 -193.62 -108.36
24.39 -193.07 -110.76
23.51 -192.49 -113.33
22.66 -192.03 -115.31
21.35 -191.38 -117.95
20.91 -191.09 -119.23
20.51 -190.87 -120.21
21.21 -190.79 -121.06

RNS - closed
19.32 -190.64 -120.28
20.37 -190.46 -121.53
20.33 -191.21 -122.75
19.39 -192.72 -123.87
17.57 -194.99 -124.95
15.14 -197.45 -125.45
13.02 -199.15 -125.14
10.74 -200.67 -124.29
8.9 -201.34 -122.67
6.83 -201.77 -120.33
6.12 -201.61 -119.
5.45 -201.6 -117.98
7.65 -200.05 -118.67
10.6 -197.97 -119.57
13.92 -195.31 -120.07
16.72 -193.06 -120.45
18.02 -191.98 -120.59

LNS - closed
19.93 -191.29 -120.48
20.73 -191.25 -121.48
21.28 -191.13 -122.22
20.85 -189.49 -122.72
19.8 -186.75 -123.14
18.38 -184.76 -122.66
16.45 -182.58 -121.67
14.92 -181.1 -120.74
13.79 -180.09 -119.99
12.64 -179.71 -118.84
11.67 -179.55 -117.75
11.31 -179.86 -117.12
11.99 -180.71 -117.43
13.94 -182.77 -118.51
16.69 -186.02 -119.82
18.66 -189.12 -120.3

