n79

R
23.3188 -180.432 182.725

L
29.5865 -159.721 187.087

N
9.8098 -167.568 170.824

RLC
17.2546 -173.336 205.486

RNC
-1.141 -179.954 188.426

LNC
6.831 -154.638 190.846

BR - closed
20.52 -158.78 178.86
25.3 -158.39 182.85
28.98 -159.05 185.97
31.72 -161.99 188.39
32.87 -166.39 189.56
32.13 -170.49 189.11
28.67 -175.43 186.42
24.97 -178.96 183.47
19.62 -181.32 179.08
13.92 -179.25 174.2
10.92 -173.82 171.45
11.1 -167.07 171.31
15.08 -161.04 174.38

RGH
23.42 -180.33 182.77
21.68 -176.69 183.31
20.36 -173.67 183.6
18.4 -170.47 184.59
17.1 -169.6 185.81
15.62 -169.54 187.58

LGH
29.6 -159.8 187.21
27.11 -162.49 185.58
23.89 -165.54 184.18
20.15 -168.03 184.31
17.98 -168.96 185.22
15.87 -168.9 187.7

NGH
9.85 -167.59 170.96
12.58 -168.06 173.72
15.66 -168.65 178.01
17.51 -169.09 182.16
17.09 -169.2 185.03
15.5 -169.12 186.78

RCI
-1.1 -179.75 188.56
4.86 -180.98 181.46
10.47 -180.97 179.45
15.96 -181.23 179.41
23.07 -180.11 182.5
25.71 -177.89 186.48
26.4 -176.01 191.79
23.51 -174.47 198.02
17.09 -173.34 205.37

LCI
17.07 -173.39 205.38
22.89 -173.63 199.13
27.02 -171.48 193.61
29.87 -167.41 190.91
30.67 -162.61 188.85
29.66 -159.52 187.27
25.33 -157.95 184.69
19.24 -157.57 183.82
13.83 -155.98 185.26
6.84 -154.68 190.86

NCI
6.83 -154.68 190.9
10.36 -155.71 186.4
13.15 -157.97 181.53
13.36 -160.31 177.57
12.23 -163.69 173.28
10.51 -167.59 171.49
9.37 -173.44 172.9
7.63 -177.38 176.32
4.03 -179.75 180.73
-0.99 -179.79 188.46

RLS - closed
15.72 -169.57 187.03
18.37 -169.88 184.13
21.38 -171.24 186.82
23.58 -172.51 190.39
23.97 -173.38 194.84
23.17 -173.8 198.74
20.35 -173.56 202.34
17.34 -173.16 205.34
17.69 -172.34 199.86
17.16 -171.26 194.46
16.59 -170.28 189.69

RNS - closed
15.38 -169.7 187.17
18.07 -169.98 184.29
16.57 -172.71 181.72
13.27 -176.02 179.98
9.34 -178.55 179.94
5.67 -180.09 181.11
2.03 -180.53 183.83
0. -180.17 186.23
-1.18 -179.64 188.09
3.68 -177.1 187.27
10.16 -173.49 186.51
13.33 -171.35 186.68

LNS - closed
15.65 -169.52 186.61
18.23 -169.83 183.78
18.04 -166.14 182.64
15.47 -159.73 183.18
12.73 -156.35 185.03
9.98 -154.72 187.56
7.01 -154.63 190.9
9.7 -159.05 189.48
12.85 -164.28 187.84
14.59 -167.55 187.07

