n70

R
18.2684 -148.697 1315.54

L
28.5755 -134.9 1326.14

N
12.5231 -129.985 1312.62

RLC
15.9051 -148.895 1336.71

RNC
-0.0324 -142.411 1322.93

LNC
9.328 -128.696 1333.39

BR - closed
13.98 -129.37 1314.12
21.41 -128.33 1320.75
26.42 -130.26 1324.93
28.91 -136.09 1326.46
29.02 -141.88 1325.9
25.41 -147.87 1322.05
19.26 -148.89 1316.54
13.49 -144.99 1311.92
10.05 -139.24 1309.56
10.54 -132.4 1310.75

RGH
18.17 -148.76 1315.55
17.6 -146.3 1317.06
17.23 -143.87 1318.32
17.03 -140.67 1319.67
16.29 -139.34 1320.98
15.06 -139.42 1322.35

LGH
28.52 -134.88 1326.06
26.33 -135.71 1324.34
22.98 -136.87 1322.39
19.37 -137.96 1321.49
17.03 -138.57 1321.59
15.55 -138.77 1323.

NGH
12.53 -129.96 1312.59
13.64 -131.88 1314.33
14.96 -134.29 1316.57
16.61 -137.1 1319.07
16.65 -138.15 1320.57
15.24 -138.31 1322.12

RCI
0.08 -142.4 1322.84
4.33 -142.7 1317.5
8.47 -144.04 1315.07
13.04 -145.97 1313.9
18.32 -148.43 1315.59
20.57 -148.96 1319.66
21.22 -148.94 1324.73
19.87 -149.31 1330.14
15.99 -148.91 1336.57

LCI
15.95 -148.94 1336.6
20.4 -148.2 1331.75
24.7 -145.66 1327.14
28.16 -141.62 1326.55
28.5 -135.06 1326.04
24.62 -130.62 1325.55
19.33 -129.12 1325.47
13.94 -128.06 1328.97
9.42 -128.72 1333.32

NCI
9.34 -128.71 1333.33
12.67 -127.93 1328.23
14.78 -128.47 1322.81
14.64 -129.04 1318.07
12.62 -130.35 1312.77
9.15 -134.68 1312.82
6.27 -138.23 1315.07
2.92 -140.98 1318.87
-0.03 -142.5 1322.96

RLS - closed
15.34 -138.98 1322.53
17. -138.8 1320.7
18.59 -140.04 1320.97
20.21 -141.95 1322.18
21.79 -144.79 1324.79
22.25 -147.05 1327.61
21.2 -148.43 1330.6
18.42 -148.66 1333.6
16.67 -149.09 1335.88
16.06 -149.05 1336.41
16.4 -147.2 1333.41
16.89 -145.34 1330.25
16.66 -142.77 1326.76
16.22 -140.91 1324.48

RNS - closed
14.89 -138.62 1322.24
16.27 -138.42 1320.81
16.41 -138.53 1319.66
14.89 -139.11 1318.33
12.25 -140. 1316.89
9.59 -140.83 1316.01
7.12 -141.48 1316.23
4.53 -142.06 1317.19
2.72 -142.32 1319.01
1.48 -142.48 1320.43
0.39 -142.56 1322.21
1.5 -142.28 1322.02
3.99 -141.7 1321.25
6.94 -140.9 1321.26
10.66 -139.83 1321.69
13.41 -139.02 1322.24

LNS - closed
14.93 -138.59 1321.93
16.1 -138.63 1320.5
16.93 -137.99 1319.83
17.55 -135.74 1320.27
17.29 -132.82 1322.12
16.74 -130.13 1324.2
15.88 -128.7 1325.99
14.33 -128.03 1328.22
12.18 -128.21 1330.73
10.92 -128.27 1332.21
10.04 -128.63 1333.09
10.89 -129.78 1331.46
12.66 -132.21 1328.03
13.95 -134.56 1325.24
14.61 -137.13 1323.08

