n73

R
42.2043 -183.124 -192.139

L
43.9844 -168.622 -174.977

N
27.8081 -167.284 -192.485

RLC
36.0383 -187.465 -171.552

RNC
18.7111 -186.959 -186.519

LNC
23.2675 -171.43 -170.653

BR - closed
32.37 -165.72 -186.12
36.48 -165.64 -181.31
40.55 -166.39 -177.4
44.63 -168.91 -175.28
49.04 -174.25 -175.65
50.23 -180.1 -180.26
46.11 -183.3 -188.27
39.1 -181.81 -194.82
32.39 -177.59 -198.23
27.85 -172.46 -198.21
28.11 -167.43 -192.77

RGH
42.26 -183.06 -192.24
40.95 -181.08 -190.45
39.15 -178.74 -188.08
37.5 -176.6 -185.91
35.86 -175.88 -184.06
33.98 -176.87 -182.31

LGH
43.78 -168.57 -174.82
41.64 -170.09 -176.88
39.22 -171.74 -179.88
36.88 -173.41 -182.03
35.24 -174.74 -181.93
33.9 -175.91 -181.

NGH
27.86 -167.21 -192.3
29.76 -168.93 -190.27
31.86 -170.69 -188.17
33.76 -172.68 -185.84
34.09 -174.38 -183.99
33.1 -175.59 -182.79

RCI
18.88 -186.98 -186.42
24.4 -183.39 -190.91
29.94 -182.05 -193.77
35.42 -182.08 -194.6
42.14 -182.71 -192.09
44.17 -183.59 -186.8
43.19 -183.58 -182.58
42.04 -184.46 -178.19
36.1 -187.44 -171.65

LCI
35.98 -187.57 -171.58
39.6 -184.95 -173.87
43.17 -181.99 -175.29
44.86 -176.99 -175.6
45.27 -171.98 -174.56
44.22 -168.62 -175.
40.85 -167.16 -176.36
37.8 -167.46 -177.11
34.37 -167.82 -176.87
28.55 -168.92 -174.39
23.38 -171.5 -170.68

NCI
23.33 -171.5 -170.72
26.28 -169.38 -173.59
29.55 -168.4 -178.72
30. -166.84 -185.03
29.19 -166.98 -189.28
28.03 -168.3 -192.81
26.21 -170.46 -194.46
24.54 -175.26 -193.78
23.17 -179.53 -192.02
21.38 -183.65 -188.93
18.89 -186.95 -186.44

RLS - closed
36.44 -174.73 -183.25
38.69 -176.24 -182.11
40.73 -178.64 -180.18
41.57 -181.85 -177.45
40.78 -184.19 -175.34
38.93 -185.89 -173.71
37.47 -186.88 -172.73
36.14 -187.44 -172.14
36.64 -185.11 -174.21
36.54 -182.49 -176.48
36.59 -180.44 -178.28
36.11 -178.29 -180.12
35.21 -176.58 -181.54
34.6 -175.92 -182.06
35.61 -175.15 -182.82

RNS - closed
35.07 -174.53 -183.38
34.36 -174.74 -186.49
31.93 -176.25 -190.21
28.33 -178.94 -191.75
25.14 -181.5 -191.5
22.21 -184.03 -189.65
20.61 -185.46 -188.22
19.4 -186.59 -186.72
21.58 -184.86 -186.76
24.57 -182.54 -186.32
27.54 -180.26 -185.54
30.35 -178.14 -184.56
32.45 -176.62 -183.35
33.77 -175.69 -182.2
34.46 -175.12 -182.47

LNS - closed
35.28 -173.56 -183.2
34.54 -171.1 -182.09
32.58 -169.19 -179.86
29.88 -168.11 -177.01
27.72 -168.03 -174.86
25.3 -169.71 -172.71
23.44 -171.25 -171.11
25.04 -171.3 -172.7
27.73 -171.68 -175.43
30.19 -172.38 -177.97
31.58 -172.68 -179.39
32.81 -173.59 -180.75
33.67 -174.82 -181.8
34.46 -174.53 -182.54

