n85

R
10.3145 -196.018 197.282

L
19.6338 -175.39 205.975

N
-0.6859 -177.248 189.111

RLC
5.3301 -187.605 220.441

RNC
-15.0128 -188.596 206.895

LNC
-4.5673 -168.571 209.247

BR - closed
15.06 -171.45 201.33
18.53 -172.08 204.16
20.66 -175.02 205.77
21.93 -180.51 206.56
21.03 -186.46 205.52
17.97 -191.87 202.74
13.14 -195.4 198.58
8.33 -195.79 194.59
4.24 -194.2 191.29
0.66 -189.83 188.55
-1.82 -184.36 186.77
-0.86 -179.37 187.8
1.91 -175.77 190.26
6.28 -172.97 194.
10.51 -171.74 197.56

RGH
10.49 -196.01 197.51
9.54 -192.66 198.04
8.2 -188.74 198.92
7.02 -184.88 199.63
5.71 -182.9 200.82
3.97 -182.66 202.82

LGH
19.59 -175.4 206.05
17. -176.93 203.79
12.69 -179.02 202.
9.18 -180.63 200.88
7.02 -181.47 200.85
4.9 -181.75 203.

NGH
-0.76 -177.31 189.19
1.54 -178.52 191.48
4.09 -179.96 194.43
5.73 -181.26 197.63
5.5 -181.8 199.76
3.73 -182.02 202.07

RCI
-14.65 -188.36 207.16
-10. -189.02 200.74
-5.93 -190.84 196.83
-0.96 -192.78 195.35
4.37 -195.28 194.96
10.23 -195.56 197.2
12.98 -193.7 202.89
12.35 -191.83 208.61
10.12 -190.51 214.04
5.25 -187.6 220.31

LCI
5.22 -187.53 220.35
10.1 -187.4 216.3
14.37 -186.06 212.23
17.52 -183.81 208.99
19.97 -179.97 207.79
19.87 -175.15 206.32
14.82 -172.63 204.13
10.06 -171.19 202.6
4.98 -169.11 203.46
1.03 -168.13 205.24
-4.58 -168.71 209.29

NCI
-4.62 -168.72 209.24
-0.27 -168.74 204.54
2. -170.56 199.27
2.16 -173.71 194.14
0.95 -176.21 191.11
-0.49 -177.49 189.41
-2.42 -181.54 189.17
-4.65 -184.68 191.53
-7.2 -186.57 194.85
-10.05 -187.85 200.2
-14.63 -188.36 207.13

RLS - closed
4.07 -181.63 202.61
7.31 -181.94 199.43
10.1 -183.82 202.37
12.12 -185.57 205.88
12.28 -187.08 210.95
10.81 -187.69 215.05
8.3 -187.52 217.73
5.46 -187.25 220.48
5.8 -185.7 214.59
5.43 -183.85 208.61
5.06 -182.74 205.2

RNS - closed
4.74 -181.68 202.66
7.3 -181.81 199.95
5.4 -183.61 198.07
1.92 -186.15 196.17
-1.54 -188.02 195.63
-5.39 -189.12 197.04
-9.11 -189.46 199.9
-12.59 -189.15 203.86
-14.84 -188.83 206.69
-8.82 -187.17 204.33
-2.56 -185.08 202.67
2.11 -183.2 202.06

LNS - closed
4.33 -182.01 202.11
6.97 -182.15 199.24
6.89 -178.86 198.67
5.68 -174.18 199.05
3.1 -170.46 201.15
0.48 -168.92 203.72
-2.35 -168.47 206.74
-4.6 -168.6 209.24
-1.33 -172.65 206.46
1.85 -177.03 203.84
3.33 -179.97 202.8

