n86

R
21.3967 -160.108 -85.3487

L
31.0953 -149.554 -74.3907

N
16.1911 -145.285 -90.7243

RLC
18.8792 -159.698 -65.5791

RNC
1.6733 -158.747 -81.4132

LNC
12.7877 -139.715 -71.3541

BR - closed
19.09 -142.78 -87.39
24. -141.52 -81.94
27.9 -142.88 -77.67
30.6 -147.06 -74.8
31.17 -152.24 -74.3
29.26 -156.66 -76.52
25.07 -160.1 -81.23
19.96 -159.4 -86.85
16.94 -157.22 -90.12
14.85 -153.44 -92.34
14.2 -149.97 -92.96
15.84 -146.34 -91.07

RGH
21.31 -160.07 -85.36
20.27 -157.59 -83.33
18.97 -154.81 -80.95
18.39 -152.85 -79.57
16.62 -152.22 -77.67
14.87 -152.12 -76.02

LGH
30.95 -149.33 -74.63
29.16 -149.87 -76.13
24.99 -150.85 -77.75
19.89 -151.84 -78.33
17.72 -152.06 -77.29
15.73 -152.14 -75.53

NGH
16.19 -145.28 -90.77
17.12 -147.35 -87.25
17.74 -149.07 -84.19
18.3 -150.91 -80.82
17.51 -151.61 -78.72
14.85 -151.8 -76.12

RCI
1.87 -158.69 -81.56
8.55 -158.87 -85.53
14.64 -159.29 -86.29
17.77 -159.35 -86.65
21.38 -159.82 -85.27
22.87 -160.17 -81.62
23.27 -160.91 -76.73
22.59 -161.39 -71.52
18.99 -159.77 -65.67

LCI
19.04 -159.7 -65.71
23.59 -158.64 -69.31
27.32 -156.91 -72.83
30.2 -154.01 -74.14
31.07 -149.51 -74.35
27.48 -145.2 -75.28
22.86 -143.01 -76.12
18.4 -140.14 -74.49
12.96 -139.7 -71.38

NCI
12.98 -139.72 -71.37
16.67 -140.01 -76.11
18.41 -141.3 -81.22
18.22 -142.82 -86.38
16.37 -145.74 -90.33
12.98 -150.18 -91.14
10.27 -153.83 -88.72
6.29 -156.96 -85.44
1.73 -158.57 -81.54

RLS - closed
19.71 -153.38 -78.54
21.15 -154.84 -77.08
22.93 -157.05 -74.54
22.99 -158.71 -71.53
21.98 -159.61 -69.
20.07 -159.73 -67.11
19.02 -159.86 -65.97
18.96 -159.17 -67.19
18.49 -158.02 -68.9
17.34 -155.84 -71.96
16.34 -154.2 -74.12
15.41 -152.79 -75.92
15.91 -152.45 -76.99
17.19 -152.4 -78.19
17.87 -152.42 -78.74

RNS - closed
16.34 -151.48 -76.16
18. -151.48 -77.77
18.51 -151.72 -78.91
17.31 -152.99 -81.22
15.06 -154.63 -83.53
11.7 -156.33 -84.93
8.67 -157.49 -85.18
6.06 -158.06 -84.21
3.74 -158.43 -82.95
2.38 -158.47 -81.76
3.2 -158.13 -81.61
5.83 -157. -81.07
8.98 -155.4 -79.75
11.78 -154.01 -78.65
14.09 -152.62 -77.11
15.3 -151.95 -76.44

LNS - closed
19.22 -150.43 -78.93
19.82 -147.85 -79.17
18.99 -143.91 -77.97
16.89 -141.4 -75.76
15.07 -140.09 -73.96
13.6 -139.76 -72.58
12.87 -139.8 -71.92
13.52 -141.08 -72.66
14.39 -143.11 -73.69
15.4 -146.15 -74.96
15.69 -148.54 -75.5
15.79 -150.5 -75.82
16.35 -150.97 -76.38
17.5 -151.11 -77.44
18.59 -150.92 -78.41

