n89

R
16.3729 -167.798 176.46

L
25.4987 -158.952 186.761

N
12.6103 -149.763 172.172

RLC
11.605 -171.444 198.641

RNC
-6.5918 -161.726 181.925

LNC
10.142 -146.249 195.672

BR - closed
22.96 -152.77 182.33
25.79 -155.98 185.53
26.64 -161.85 186.51
24.92 -167.23 184.57
21.72 -169.03 180.96
18.19 -168.31 176.97
15.31 -166.54 173.71
12.26 -163.2 170.25
9.67 -157.57 167.32
10.06 -152.56 167.74
13.52 -150.05 171.65
17.77 -149.35 176.46
20.61 -150.9 179.67

RGH
16.41 -167.79 176.47
15.73 -165.92 178.24
14.81 -163.59 180.52
14.33 -161.16 182.48
13.05 -160.45 184.03
11.16 -160.44 185.65

LGH
25.49 -158.83 186.8
23.93 -159. 185.96
20.37 -159.32 185.39
16.84 -159.67 184.1
14.49 -159.86 184.4
12.34 -159.94 186.81

NGH
12.57 -149.81 172.29
13.17 -152.29 175.06
13.58 -155.1 178.42
14.24 -157.88 181.54
13.98 -159.15 183.38
11.13 -159.44 185.91

RCI
-6.49 -161.69 182.12
-1.81 -162.27 177.11
3.78 -163.2 174.53
8.98 -164.68 174.02
13.03 -166.04 174.61
16.41 -167.51 176.58
18.08 -169.11 180.56
18.13 -169.99 185.49
16.53 -170.91 191.16
11.57 -171.32 198.6

LCI
11.53 -171.36 198.63
17.17 -169.64 192.98
20.93 -167.27 189.56
23.66 -164.4 188.07
25.19 -161.37 187.24
25.61 -158.69 186.87
23.42 -154.89 186.9
20.09 -151.01 187.49
16.92 -148.22 188.65
13.69 -146.15 191.23
10.19 -146.32 195.71

NCI
10.1 -146.28 195.7
13.42 -146.45 189.18
14.97 -148.27 182.36
14.61 -149.38 175.58
12.68 -150.01 172.38
9.15 -152.17 170.48
5.37 -155.98 172.07
1.53 -159.25 174.61
-2.53 -161.2 177.55
-6.47 -161.67 182.09

RLS - closed
10.97 -160.15 185.84
14.57 -159.78 182.5
16.72 -162.35 183.76
18.49 -165.55 186.07
18.29 -168.01 189.1
16.87 -169.85 192.41
14.05 -170.83 195.83
11.66 -171.56 198.63
12.34 -169.65 195.84
12.79 -166.93 192.29
12.51 -163.65 188.68
11.43 -161.17 186.65

RNS - closed
11.46 -159.48 185.69
14.56 -159.53 182.62
12.49 -160.08 179.64
9.05 -160.75 176.82
4.51 -161.31 175.92
0.54 -161.59 177.01
-2.78 -161.76 178.42
-4.91 -161.77 180.19
-6.47 -161.74 181.83
-2.66 -161.34 181.92
2.3 -160.74 182.83
7.46 -160.06 184.23

LNS - closed
11.51 -159.28 185.81
14.62 -159.16 182.19
15.84 -156.73 182.37
16.45 -152.86 184.24
16.23 -149.37 186.85
15.21 -147.17 189.54
13.8 -146.05 191.96
11.72 -146.24 194.3
10.3 -146.45 195.86
11.41 -149.1 192.76
11.95 -153.2 189.37
11.93 -156.44 187.21

