n84

R
18.879 -212.351 1185.61

L
22.9373 -190.892 1197.58

N
6.1259 -192.742 1177.21

RLC
12.1327 -204.866 1206.25

RNC
-5.7849 -210.483 1190.84

LNC
1.1157 -186.439 1198.32

BR - closed
13.51 -186.52 1187.58
19.02 -186.88 1193.93
23.74 -191.8 1197.83
25.72 -198.87 1197.78
24.96 -205.1 1194.8
21.73 -210.39 1189.23
17.29 -211.93 1183.49
12.6 -210.24 1178.55
7.74 -205.5 1174.44
5.7 -197.82 1174.62
7.06 -191.47 1178.34
10.07 -187.65 1183.16

RGH
18.97 -212.28 1185.71
17.64 -209.25 1186.96
16.1 -205.77 1188.42
14.4 -201.96 1190.02
13.39 -199.68 1190.97
11.59 -199.67 1192.5

LGH
22.91 -190.85 1197.7
21.17 -192.38 1195.94
18.47 -194.57 1193.92
15.18 -197.06 1192.09
13.21 -198.36 1191.71
11.38 -199.17 1192.82

NGH
6.13 -192.82 1177.22
8.47 -194.55 1181.36
10.39 -195.98 1184.8
12.16 -197.48 1188.37
12.4 -198.37 1190.47
11.1 -199.1 1192.08

RCI
-6.11 -211.02 1190.52
-0.21 -211.09 1184.97
5.77 -211.74 1182.97
12.74 -212.59 1183.03
18.98 -212.18 1185.65
21.37 -210.3 1191.64
20.27 -207.7 1196.54
17.98 -206.44 1201.99
12.68 -205.14 1206.28

LCI
12.46 -204.9 1206.55
18.2 -204.29 1202.85
20.84 -201.73 1200.04
23.12 -197.13 1199.
23.05 -190.62 1197.98
18.55 -188.28 1195.61
13.43 -187.43 1194.51
7.92 -186.08 1195.29
1.26 -186.45 1198.34

NCI
1.21 -186.44 1198.42
4.97 -185.8 1192.04
6.98 -187.3 1186.73
7.65 -188.81 1181.76
6.43 -193.17 1177.24
3.46 -198.67 1175.79
1.82 -204.77 1178.68
-1.47 -209.35 1183.98
-6.08 -210.96 1190.39

RLS - closed
11.86 -199.42 1191.87
12.92 -199.09 1190.91
13.97 -199.08 1190.73
15.07 -200.03 1192.94
16.07 -201.3 1195.95
17.2 -202.56 1198.92
17.31 -203.58 1201.44
16.43 -204.2 1203.11
14.98 -204.64 1204.41
13.45 -204.86 1205.19
12.29 -205.06 1205.85
12.68 -204.24 1203.75
12.56 -203.25 1201.29
12.57 -202.43 1199.26
12.42 -201.68 1197.42
12.32 -201.08 1195.93
12.11 -200.51 1194.54
11.9 -199.91 1193.08

RNS - closed
11.81 -199.34 1191.84
13.21 -198.94 1190.64
12.52 -200.1 1188.78
10.47 -202.32 1186.37
7.42 -204.57 1185.43
3.09 -207.54 1184.74
0.18 -209.24 1184.99
-2.33 -210.23 1186.44
-3.94 -210.4 1188.55
-5.46 -210.45 1190.82
-3.76 -209.49 1190.56
-0.47 -207.46 1190.55
2.81 -205.4 1190.61
5.88 -203.38 1190.9
8.94 -201.25 1191.48
10.56 -200.1 1191.87

LNS - closed
11.51 -198.84 1191.99
12.57 -198.54 1191.09
13.1 -198.17 1190.6
12.91 -195.82 1190.33
11.71 -192.39 1190.66
9.45 -189.21 1191.89
6.83 -187.23 1193.63
4.47 -186.26 1195.33
2.66 -186.56 1196.84
1.41 -186.76 1197.87
3.01 -188.05 1196.83
4.7 -190.19 1195.86
6.45 -192.2 1194.83
7.74 -193.75 1194.08
9.36 -195.74 1193.15
10.46 -197.23 1192.54

