n80

R
14.6239 -171.596 129.564

L
20.9902 -156.654 141.433

N
5.7231 -154.067 127.807

RLC
9.3819 -171.828 153.383

RNC
-9.2212 -171.201 138.43

LNC
0.5787 -152.807 150.078

BR - closed
17.77 -153.48 138.05
20.63 -154.57 140.36
22.56 -158.29 140.78
22.56 -162.91 138.99
20.19 -167.48 134.95
16.87 -170.36 130.66
12.38 -170.35 126.36
8.01 -166.94 123.5
4.85 -163.07 121.97
3.15 -159.64 121.66
3.72 -156.95 123.24
5.58 -154.3 126.06
8.67 -152.67 129.64
12.36 -152.63 133.19
15.18 -153.01 135.75

RGH
14.5 -171.59 129.57
13.06 -168.35 132.01
11.31 -165.24 134.79
10.52 -163.37 136.15
9.53 -162.83 137.47
7.64 -163.53 139.63

LGH
21.09 -156.81 141.5
17.93 -158.16 140.28
14.56 -159.59 138.62
11.27 -161. 137.77
9.61 -161.73 138.2
7.8 -162.54 140.16

NGH
5.74 -154.05 127.86
6.32 -156.32 130.77
7.83 -158.81 133.54
8.96 -160.56 135.45
8.73 -161.4 136.75
7.22 -162.08 138.44

RCI
-9.3 -171.2 138.44
-4.52 -170.73 133.45
-0.15 -170.76 130.64
4.32 -171.23 128.83
10. -171.49 128.21
14.57 -171.23 129.67
16.23 -171.28 133.54
16.24 -171.47 138.73
15.86 -171.98 143.36
13.36 -171.75 148.21
9.34 -171.9 153.36

LCI
9.3 -171.94 153.38
13.97 -169.99 149.
17.63 -167.31 145.94
19.98 -163.83 143.44
20.94 -160.75 142.17
20.98 -156.66 141.51
17.1 -153.97 142.21
12.76 -152.76 143.13
8.72 -151.31 144.85
4.46 -151.51 147.29
0.62 -152.83 150.09

NCI
0.51 -152.87 150.15
3.12 -151.45 145.23
5.19 -150.65 139.61
6.16 -151.78 134.44
6.37 -152.89 130.67
5.49 -154.46 127.95
2.01 -156.08 126.36
-0.18 -159.24 126.12
-1.62 -163.29 127.98
-3.95 -166.81 130.2
-5.89 -169.09 133.72
-9.27 -171.19 138.41

RLS - closed
7.25 -162.69 139.49
10.14 -161.81 136.13
13.69 -164.01 137.49
16.23 -167.2 141.17
16.12 -169.22 144.62
14.58 -170.27 147.39
12.02 -171.04 150.36
9.48 -171.79 153.29
9.25 -169.44 149.5
8.79 -166.88 145.51
8.22 -164.52 141.93

RNS - closed
7.4 -162.41 139.15
9.86 -161.44 136.37
7.88 -162.78 133.34
5. -164.59 130.27
1.13 -166.64 129.7
-2.57 -168.42 130.91
-5.06 -169.49 132.8
-7.24 -170.34 135.37
-9.22 -171.04 138.34
-6.17 -169.49 138.16
-1.08 -166.87 138.23
2.84 -164.83 138.39
6.06 -163.14 138.8

LNS - closed
7.63 -162.66 139.73
10.37 -161.74 136.74
10.93 -158.55 136.92
9.75 -154.75 139.31
7.86 -151.95 142.27
5.79 -151.07 144.93
3.13 -151.7 147.89
0.93 -152.91 150.16
3.01 -155.12 147.14
5.19 -157.85 143.86
6.78 -160.31 141.34

