n88

R
15.9359 -198.675 -217.615

L
21.6111 -181.333 -212.751

N
3.0137 -185.526 -224.958

RLC
14.6944 -192.971 -198.451

RNC
-3.1401 -199.827 -209.28

LNC
1.6985 -179.11 -203.939

BR - closed
11.26 -179.31 -219.71
16.32 -179.02 -216.45
20.39 -179.7 -213.89
23.15 -183.46 -212.39
23.6 -189.02 -212.5
21.08 -194.19 -214.48
17.23 -198.07 -217.22
12. -199.67 -220.68
8.01 -198.39 -223.15
4.17 -194.08 -225.3
2.78 -189. -225.83
3.95 -184.63 -224.77
7.39 -180.33 -222.26

RGH
15.9 -198.72 -217.61
15.11 -196.13 -216.8
14.1 -192.99 -215.76
13.18 -190.31 -214.78
12.46 -188.93 -213.92
11.15 -188.75 -212.05

LGH
21.61 -181.31 -212.72
19.62 -182.79 -213.07
16.94 -184.75 -213.44
14.07 -186.91 -213.96
12.4 -187.94 -213.66
11.22 -188.14 -212.

NGH
3.16 -185.59 -224.83
6.65 -186.33 -222.59
9.12 -187.15 -219.33
11.61 -187.88 -216.56
11.98 -188.22 -214.81
10.59 -188.49 -212.4

RCI
-2.99 -199.77 -209.25
0.27 -199.14 -214.29
3.77 -199.46 -217.6
8.19 -199.46 -219.57
12.37 -199.36 -219.64
16.11 -198.23 -217.68
19.09 -196.4 -214.48
20.14 -195.23 -210.41
19.01 -194.33 -205.44
14.76 -192.88 -198.55

LCI
14.69 -192.83 -198.42
18.23 -192.36 -202.69
21.19 -190.17 -207.44
22.53 -185.96 -211.15
21.47 -181.62 -212.76
17.07 -179.8 -213.41
12.44 -178.98 -212.62
9.21 -178.43 -211.22
5.36 -178.05 -208.08
1.82 -178.89 -204.06

NCI
1.64 -178.99 -203.9
5.37 -178.47 -209.66
7.21 -179.39 -214.93
6.5 -180.62 -219.47
4.93 -182.79 -223.01
3.25 -185.6 -224.72
2.81 -190.65 -224.25
1.93 -194.54 -221.2
0.14 -197.56 -216.67
-2.94 -199.78 -209.34

RLS - closed
11.12 -188.59 -212.64
12.15 -188.45 -214.34
13.11 -188.57 -214.92
15.31 -189.57 -213.21
17.32 -190.71 -210.75
18.9 -191.74 -208.25
18.65 -192.63 -204.28
17.29 -192.83 -201.98
16.06 -192.9 -200.33
14.66 -192.89 -198.79
14.66 -192.36 -201.
13.98 -191.26 -204.8
13.41 -190.5 -207.3
12.75 -189.79 -209.49
11.88 -189.08 -211.43

RNS - closed
11.11 -187.44 -213.06
12.44 -187.29 -215.14
12.15 -188.26 -216.39
10.3 -190.68 -217.56
7.37 -193.65 -217.83
4.05 -196.34 -216.9
0.67 -198.21 -214.38
-1.76 -199.13 -211.75
-3.09 -199.27 -209.67
-1.19 -197.85 -210.42
1.53 -195.65 -211.21
4.06 -193.69 -212.08
6.53 -191.45 -212.34
8.83 -189.45 -212.72
10.2 -188.11 -212.69

LNS - closed
11.08 -187.86 -212.8
12.48 -187.65 -215.01
11.36 -184.23 -214.99
8.6 -180. -212.89
5.91 -178.16 -209.73
3.76 -178.09 -206.53
2.18 -179.04 -203.67
4.5 -180.92 -206.26
6.48 -182.95 -208.26
8.51 -185.02 -210.3
10.05 -186.83 -211.75

