n87

R
11.1543 -187.652 -196.053

L
15.3249 -171.168 -190.382

N
-0.0634 -170.602 -203.534

RLC
8.0774 -182.174 -176.85

RNC
-12.0105 -184.744 -188.924

LNC
-3.4465 -165.478 -183.979

BR - closed
9.62 -167.47 -195.54
13.58 -168.32 -192.25
16.48 -172.59 -190.3
17.28 -178.11 -190.31
15.87 -183.27 -192.18
12. -187.23 -196.
7.1 -186.56 -200.13
2.31 -182.66 -203.75
-1.22 -177.44 -206.13
-0.79 -171.79 -205.04
3.37 -168.43 -201.03

RGH
11.23 -187.72 -195.83
10.7 -185.05 -196.15
9.22 -181.69 -195.59
7.65 -179.73 -194.41
6.6 -179.12 -193.4
5.2 -179.52 -191.6

LGH
15.27 -171.15 -190.25
14.37 -172.32 -192.03
11.61 -174.1 -192.33
7.92 -176.48 -192.72
6.69 -177.2 -192.65
5.42 -177.52 -191.35

NGH
-0.01 -170.62 -203.46
1.77 -172.16 -201.43
3.33 -173.99 -198.52
5.38 -175.8 -196.09
5.71 -176.64 -194.45
3.99 -177.03 -192.09

RCI
-12.05 -184.58 -188.99
-7.71 -185.01 -194.51
-2.13 -185.8 -197.44
3.47 -186.69 -198.15
11.02 -187.08 -196.19
14.01 -185.45 -192.69
14.17 -183.75 -188.5
12.25 -182.91 -183.68
8.17 -182.28 -176.89

LCI
8.12 -182.24 -176.73
11.53 -181.82 -181.46
14.58 -180.53 -185.9
16.81 -176.59 -189.26
15.6 -171.22 -190.61
12.25 -168.32 -191.65
7.25 -167.28 -191.71
2.22 -165.67 -189.41
-3.17 -165.46 -183.78

NCI
-3.38 -165.47 -183.95
0.34 -165.2 -190.05
2.05 -166.89 -195.33
2.27 -168.14 -199.68
0.12 -170.58 -203.46
-2.41 -173.87 -203.79
-4.55 -177.72 -201.56
-6.13 -180.81 -198.43
-8.82 -183.2 -195.06
-12.03 -184.75 -188.87

RLS - closed
5.21 -177.35 -191.82
7.03 -177.16 -193.71
10.11 -178.78 -190.99
11.82 -179.94 -188.69
12.52 -181.35 -184.92
11.36 -181.91 -182.37
9.85 -182.46 -179.63
8.01 -182.78 -177.35
7.79 -181.92 -179.8
7.75 -180.47 -184.18
7.52 -179.39 -187.3
6.52 -178.25 -190.04

RNS - closed
5.24 -176.42 -192.09
7.12 -176.19 -194.41
5.02 -177.91 -196.85
1.78 -180.14 -199.15
-1.48 -181.68 -199.02
-5.03 -183. -197.64
-8.06 -183.73 -195.11
-10.04 -183.9 -192.38
-11.96 -183.94 -189.3
-8.72 -182.61 -190.1
-4.57 -180.87 -191.05
-0.85 -179.42 -192.27
2.05 -178.1 -192.54
4.23 -177.02 -192.47

LNS - closed
4.95 -176.85 -192.74
6.6 -176.5 -194.69
6.74 -173.98 -195.23
5.74 -170.09 -194.69
3.57 -167.59 -192.61
1.16 -165.77 -190.14
-1.48 -165.36 -187.2
-3.79 -165.49 -184.54
-1.57 -167.66 -186.73
0.8 -170.18 -189.05
2.66 -172.72 -190.77
4.04 -175.34 -191.94

