n83

R
9.0109 -169.229 -167.724

L
18.4892 -155.121 -163.676

N
2.4633 -154.458 -177.976

RLC
7.4361 -162.356 -150.296

RNC
-8.0995 -162.268 -163.984

LNC
2.7974 -146.855 -161.319

BR - closed
10.95 -150.35 -171.69
15.09 -150.91 -167.88
18.35 -153.64 -164.18
18.89 -159.02 -162.07
17.48 -164.41 -161.67
13.94 -167.32 -163.9
10.47 -168.82 -166.5
6.02 -168.47 -170.51
2.19 -164.55 -175.08
0.59 -160.04 -177.86
1.65 -155.46 -178.32
5.43 -151.84 -176.09

RGH
9.13 -169.27 -167.5
9.22 -166.6 -167.44
8.65 -163.6 -166.61
8.37 -160.86 -166.12
7.98 -159.55 -165.6
6.8 -158.91 -164.24

LGH
18.46 -154.79 -163.82
15.84 -155.98 -164.59
13.17 -156.96 -164.95
10.72 -157.9 -165.36
9.42 -158.21 -165.2
8.42 -158.04 -164.34
7.57 -157.78 -163.38

NGH
2.58 -154.57 -177.88
4.94 -156.1 -175.02
6.65 -157.5 -170.85
7.56 -158.3 -168.25
7.64 -158.6 -166.45
6.25 -158.19 -164.64

RCI
-7.88 -162.24 -163.81
-3.69 -164.04 -168.35
0.44 -165.85 -169.89
3.75 -167.39 -169.86
9.08 -169.07 -167.86
11.59 -167.78 -163.59
11.25 -165.97 -159.22
10. -164.5 -155.09
7.48 -162.31 -150.56

LCI
7.36 -162.33 -150.38
11.51 -162.51 -155.37
15.55 -161.44 -159.18
18.35 -158.73 -162.17
18.33 -154.98 -164.03
15.79 -152.46 -165.24
11.73 -150.08 -165.44
8.04 -148.25 -164.36
2.99 -147.11 -161.37

NCI
2.77 -147.08 -161.26
5.91 -148.8 -166.26
6.94 -150.58 -171.14
5.3 -152.43 -175.31
2.58 -155. -177.7
0.27 -158.48 -176.58
-1.78 -161.41 -172.8
-4.44 -162.48 -168.56
-7.86 -162.18 -163.89

RLS - closed
7.06 -158.17 -163.93
7.96 -158.44 -165.07
8.82 -158.8 -165.86
10.15 -160.42 -163.61
11.41 -162.29 -160.43
11.64 -163.29 -157.7
11.55 -163.76 -155.98
10.32 -163.49 -154.06
8.7 -163.02 -151.97
7.51 -162.62 -150.55
7.56 -162.14 -152.23
7.4 -161.4 -154.25
7.38 -160.57 -156.89
7.2 -159.77 -159.09
7.16 -159.21 -160.8
7.23 -158.79 -162.3

RNS - closed
6.78 -158.5 -165.16
7.89 -158.89 -166.43
6.72 -160.41 -168.22
3.46 -162.2 -169.25
0.01 -163.42 -169.25
-2.34 -164. -168.84
-4.34 -164.25 -168.09
-6.5 -163.83 -166.17
-7.37 -163.37 -164.92
-7.84 -162.8 -163.71
-5.96 -162.38 -164.12
-2.46 -161.38 -164.51
0.25 -160.63 -164.86
3.12 -159.66 -164.93
4.81 -159.09 -164.99
5.92 -158.74 -165.05

LNS - closed
7.36 -158.93 -164.87
8.21 -159.22 -165.83
8.67 -157.59 -166.57
8.57 -155.18 -166.75
8.16 -151.93 -166.66
7.28 -149.26 -165.94
6.34 -147.67 -165.03
5.05 -146.86 -163.61
3.89 -146.56 -162.28
3.19 -147. -161.4
4.19 -149.09 -162.32
4.9 -150.91 -162.94
5.72 -153.51 -163.59
6.24 -155.43 -163.97
6.72 -157.12 -164.33
7. -158.28 -164.53

