n8

R
23.9488 -161.813 1306.91

L
26.11 -148.5 1314.76

N
13.1015 -148.198 1296.58

RLC
14.8207 -161.468 1325.59

RNC
1.2845 -166.897 1309.7

LNC
4.7496 -146.699 1317.11

BR - closed
15.67 -144.39 1300.6
18.83 -143.8 1305.26
22.29 -144.85 1309.74
25.21 -147.03 1313.07
27.35 -149.82 1315.07
28.33 -154.44 1314.76
27.29 -159.26 1311.56
24.88 -161.68 1307.29
21.46 -161.4 1302.59
17.71 -159.31 1298.07
14.66 -155.71 1295.09
13.52 -151.32 1295.07
13.96 -147.48 1297.08

RGH
23.95 -161.91 1307.2
22.31 -159.62 1307.88
20.64 -158.38 1308.76
18.82 -156.24 1309.59
17.72 -155.83 1310.23
15.45 -156.47 1311.81

LGH
26.24 -148.38 1314.85
23.73 -150.65 1313.21
21.39 -152.65 1311.91
18.7 -154.64 1311.06
17.24 -155.49 1311.08
15.37 -156.1 1312.12

NGH
13.18 -148.32 1296.7
14.96 -149.89 1299.7
15.61 -151.81 1303.6
15.8 -153.09 1306.24
16.57 -153.94 1307.88
17.04 -155. 1310.03
15.42 -155.76 1311.85

RCI
1.25 -166.86 1309.7
6.41 -164.7 1305.3
11.22 -164.11 1303.51
15.52 -163.68 1303.78
18.89 -162.41 1304.4
22.15 -161.44 1305.67
23.72 -161.32 1306.98
24.47 -161.44 1309.73
23.34 -160.45 1313.3
21.64 -160.29 1317.06
18.94 -160.38 1320.96
14.83 -161.39 1325.48

LCI
14.72 -161.42 1325.59
18.9 -159.35 1321.84
22.6 -157. 1318.43
25.56 -153.35 1316.36
26.45 -151.05 1315.74
26.1 -148.5 1314.66
22.33 -146.78 1312.94
17.77 -145.96 1312.17
13.27 -145.18 1313.01
9.77 -145.69 1314.08
4.85 -146.65 1316.99

NCI
4.74 -146.67 1317.1
8.74 -145.79 1313.49
12.21 -145.55 1309.36
14.04 -145.21 1305.53
14.68 -145.63 1301.91
14.44 -146.76 1298.51
13.42 -148.69 1296.79
12.69 -151.17 1295.92
12. -154.2 1296.71
10.58 -157.89 1299.07
8.52 -161.2 1301.68
4.91 -164.44 1305.39
1.25 -166.92 1309.75

RLS - closed
19.5 -155.33 1311.2
21.29 -156.89 1313.9
21.19 -158.5 1317.07
20.3 -159.59 1319.4
18.23 -160.63 1321.87
16.05 -161.55 1324.12
14.81 -161.93 1325.12
15.2 -160.48 1322.21
15.62 -158.62 1318.46
15.91 -157.26 1315.74
15.92 -155.8 1312.86
15.7 -155.2 1311.74
17.12 -154.83 1310.73
18.07 -154.65 1310.17

RNS - closed
17.31 -155.15 1309.49
16.91 -156.98 1307.05
15.22 -159.56 1304.85
12.77 -161.88 1303.91
10.45 -163.57 1303.84
7.06 -165.04 1305.3
4.17 -165.85 1307.25
1.29 -166.56 1309.35
4.28 -164.55 1309.18
7.77 -162.35 1308.76
10.69 -159.88 1309.41
13.48 -157.53 1310.01
15.34 -155.51 1311.13
16.57 -155.16 1310.3

LNS - closed
17.09 -153.94 1309.7
16.69 -150.51 1309.45
14.54 -147.75 1310.48
11.64 -145.95 1312.16
9.36 -145.77 1313.66
7.01 -146.16 1315.31
5.13 -146.7 1316.65
7.13 -147.92 1315.49
9.4 -149.72 1314.23
11.45 -151.69 1313.15
13.26 -153.45 1312.2
14.72 -155.03 1311.45
15.94 -154.88 1310.62

