n81

R
26.2027 -149.062 42.0215

L
31.073 -131.692 48.5856

N
16.5415 -134.99 34.1473

RLC
20.7661 -143.24 63.1849

RNC
5.3943 -146.496 46.8153

LNC
10.9351 -129.451 51.8376

BR - closed
28.72 -130.87 45.43
32.36 -132.01 48.84
35.58 -133.77 51.78
37.24 -136.91 53.05
37.53 -140.27 52.98
36.51 -143.54 51.64
33.86 -146.85 48.72
30.52 -148.22 45.34
27.85 -148.65 42.7
24.61 -148.33 39.6
20.59 -146.72 35.87
17.76 -143.7 33.45
16.21 -139.75 32.36
16.96 -135.93 33.49
19.77 -132.78 36.55
22.89 -131.54 39.71
25.69 -131.01 42.48

RGH
26.32 -149.08 42.17
25.71 -146.51 42.35
23.49 -143.09 44.09
21.24 -140. 45.9
20.07 -138.99 46.96
18.71 -139.17 48.42

LGH
31.01 -131.66 48.49
28.16 -133.77 47.4
24.54 -136.17 46.7
22.15 -137.57 46.69
20.82 -138.17 47.11
19.09 -138.45 48.85

NGH
16.64 -135.09 34.26
18.22 -136.12 37.32
19.43 -137.1 40.41
20.58 -138.2 44.
20.35 -138.68 45.96
18.64 -138.91 47.81

RCI
5.34 -146.63 46.82
8.11 -146.29 42.84
11.97 -146.21 39.79
15.71 -147.14 39.15
19.71 -147.89 39.31
23.32 -148.4 40.
26.26 -149.02 41.99
28.19 -148.21 45.06
28.37 -146.35 49.32
27.41 -145.16 53.27
25.1 -143.86 57.37
20.81 -143.21 63.18

LCI
20.77 -143.27 63.22
24.53 -142.22 58.69
28.11 -140.82 56.11
30.83 -138.29 54.28
32.36 -134.38 52.03
32.12 -132.75 50.48
31. -131.88 48.53
27.9 -131.21 46.48
23.62 -130.86 45.7
19.05 -129.41 46.29
15.27 -128.66 47.96
10.91 -129.51 51.85

NCI
10.89 -129.49 51.9
13.92 -129.29 47.71
16.27 -130.17 43.3
17.67 -132.18 39.73
17.7 -133.46 36.57
16.86 -135.36 34.44
15.5 -137.98 33.76
14.3 -140.74 35.44
12.28 -143.13 37.91
8.96 -145.24 41.48
5.31 -146.58 46.79

RLS - closed
18.66 -138.65 48.67
21.46 -138.99 45.73
24.1 -140.37 47.34
26.51 -142.35 51.74
26.35 -142.98 54.59
24.93 -143.3 58.11
22.73 -143.15 60.92
20.9 -142.99 63.1
20.72 -141.77 58.34
20.1 -140.44 53.84
19.63 -139.58 51.02

RNS - closed
18.57 -138.64 48.32
21. -138.37 46.08
19.74 -140.58 42.71
16.83 -143.15 40.5
13.38 -145. 40.48
10.01 -146.2 41.78
7.59 -146.38 44.19
5.5 -146.38 46.65
9.81 -144.07 46.66
13.74 -141.76 47.12
16.96 -139.76 47.74

LNS - closed
18.9 -137.93 48.36
21.4 -137.8 45.31
20.66 -134.67 44.23
18.53 -131.59 44.81
15.79 -129.32 46.63
13.37 -129.06 49.34
11.23 -129.27 52.
13.98 -131.99 50.45
17.22 -135.58 48.87

