n82

R
20.5227 -175.717 1318.69

L
31.4003 -158.592 1328.34

N
11.5595 -159.248 1308.09

RLC
16.5664 -173.052 1342.13

RNC
-2.5951 -169.992 1323.89

LNC
8.8757 -152.436 1331.94

BR - closed
21.02 -154.4 1317.43
25.91 -154.57 1322.44
30.29 -156.81 1327.12
31.79 -162.2 1329.12
30.6 -168.12 1328.41
27.16 -173.34 1325.34
22.75 -175.56 1321.02
16.98 -174.57 1315.04
13.01 -170.96 1310.66
10.96 -164.3 1307.99
13.46 -157.09 1309.93
17.11 -154.7 1313.45

RGH
20.63 -175.74 1318.92
19.54 -172.29 1320.58
18.73 -169.06 1321.94
18.25 -166.68 1322.84
17.09 -165.68 1324.1
15.08 -165.63 1325.94

LGH
31.42 -158.36 1328.3
28.79 -159.96 1326.63
24.58 -161.9 1325.42
20.62 -163.8 1324.1
18.26 -164.46 1324.45
16.19 -164.44 1326.16

NGH
11.57 -159.24 1308.22
12.91 -160.6 1311.6
15.05 -162.38 1315.57
16.7 -163.86 1319.
17.13 -164.9 1322.23
15.28 -165.15 1325.13

RCI
-2.84 -170.18 1323.61
0.59 -172.27 1318.1
6.79 -173.42 1315.22
12.25 -174.85 1314.68
17.03 -175.33 1316.4
20.34 -175.89 1318.65
22.69 -176.02 1322.83
23.25 -175.36 1327.93
22.51 -175.25 1332.73
20.25 -174.88 1337.53
16.82 -173.38 1342.18

LCI
16.78 -173.31 1342.25
21.72 -172.76 1338.17
25.96 -170.26 1334.19
28.92 -166.3 1330.84
30.87 -162.92 1329.71
31.4 -158.75 1328.34
26.93 -155.95 1325.72
22.27 -154.93 1325.01
17.55 -152.62 1325.61
13.85 -151.2 1327.66
8.84 -151.85 1332.19

NCI
8.75 -151.84 1332.17
12.26 -151.28 1327.38
15.11 -152.92 1321.96
15.64 -154.79 1316.67
13.88 -156.48 1311.72
11.96 -159.7 1308.23
9.69 -164.15 1308.91
6.92 -167.61 1310.84
5.49 -169.65 1313.55
1.53 -171.42 1316.73
-2.87 -170.02 1323.6

RLS - closed
15.89 -165.41 1325.61
17.34 -165.48 1324.07
19.21 -166.7 1324.52
20.93 -168.16 1325.65
22.45 -170.14 1328.12
23.15 -172.11 1331.5
22.99 -173.19 1333.99
21.41 -173.67 1336.86
19.82 -173.71 1338.78
18.32 -173.55 1340.17
16.52 -173.29 1341.7
16.86 -172.47 1339.57
17.24 -171.19 1336.38
17.45 -170.31 1334.26
17.55 -169.31 1332.01
17.39 -168.15 1329.71
16.6 -166.68 1327.49
15.98 -165.87 1326.48

RNS - closed
17.95 -165.21 1322.57
17.37 -165.97 1320.84
14.22 -167.55 1318.73
9.19 -169.54 1316.84
4.79 -170.94 1316.16
1.45 -171.24 1317.81
0.05 -170.74 1320.25
-1.5 -170.25 1322.78
-1.96 -170.06 1323.64
-0.34 -169.7 1323.46
2.59 -169.03 1323.16
6.13 -167.95 1323.6
9.94 -166.83 1323.93
12.88 -165.98 1324.15
15.49 -165.17 1324.5
16.74 -165.08 1323.81

LNS - closed
16.63 -164.6 1325.54
17.72 -164.74 1324.48
18.59 -164.55 1323.62
18.55 -160.97 1323.57
17.48 -156.31 1324.48
15.76 -153.37 1326.09
13.86 -151.53 1327.91
11.66 -151.03 1330.05
10.12 -151.95 1331.58
9.31 -152.83 1332.4
10.32 -154.13 1331.44
11.73 -156.09 1330.11
12.73 -157.85 1329.18
14.1 -159.76 1327.88
15.02 -161.78 1327.04
15.84 -163.48 1326.28
16.15 -164.35 1326.

