n9

R
22.1457 -171.092 272.652

L
26.8493 -154.812 275.553

N
9.8437 -158.175 263.375

RLC
17.59 -164.732 290.942

RNC
1.8044 -171.941 277.136

LNC
6.4154 -152.173 279.593

BR - closed
19.72 -152.27 269.85
23.14 -152.68 272.34
26.65 -154.34 274.92
28.01 -157.8 276.01
27.57 -163.99 275.88
24.27 -169.25 273.66
19.61 -171.91 270.37
14.58 -171.24 266.72
10.01 -167.11 263.29
9.16 -161.31 262.5
11.25 -156.02 263.85
15.46 -152.85 266.8

RGH
22.22 -171.18 272.81
21.25 -169.15 272.36
19.15 -166.52 272.9
17.27 -163.47 272.8
15.92 -162.4 273.67
14.49 -162.47 275.64

LGH
26.8 -154.76 275.7
25.23 -156.09 274.65
21.41 -158.31 274.56
17.76 -160.64 273.97
16.02 -161.6 274.07
14.13 -161.67 276.5

NGH
9.94 -158.24 263.52
11.9 -159.38 266.09
12.65 -160.34 269.39
14.57 -161.37 271.52
15. -161.82 272.99
13.54 -161.9 275.21

RCI
1.75 -171.96 277.21
5.34 -171.52 273.81
10.69 -171.21 271.28
15.05 -171.93 270.71
19.05 -171.35 271.11
22. -170.58 272.59
23.38 -169.16 275.32
23.86 -167.48 278.5
23.34 -166.39 282.6
20.74 -165.87 286.64
17.57 -164.85 291.05

LCI
17.57 -164.77 291.08
21.16 -164.5 286.34
24.63 -162.69 281.93
26.73 -158.84 277.38
25.5 -154.46 274.61
21.05 -153.43 273.53
15.68 -152.55 274.06
10.91 -151.79 275.76
6.55 -152.17 279.65

NCI
6.34 -152.18 279.69
9.29 -152.49 275.16
10.77 -152.99 271.11
11.67 -155.47 266.54
10.24 -158.19 263.64
8.47 -162.68 263.4
7.5 -166.8 266.68
5.67 -169.35 271.4
1.83 -171.91 277.07

RLS - closed
16.8 -161.74 272.94
19.7 -162.69 274.99
22.25 -163.75 278.39
23.45 -164.45 281.48
22.28 -164.66 284.96
20.6 -164.65 287.76
18.83 -164.5 289.65
17.74 -164.42 290.88
17.48 -163.98 288.13
16.98 -163.32 284.16
16.23 -162.66 280.63
15.24 -162.07 277.99
14.39 -161.62 276.18
15.66 -161.68 274.48

RNS - closed
14.09 -161.18 275.63
16.17 -161.16 272.91
15.15 -163.16 271.47
12.93 -165.88 270.64
10.89 -168.26 270.02
8.17 -170.44 270.59
5.61 -171.56 272.43
3.21 -171.97 275.04
1.86 -171.96 276.85
4.34 -170.28 275.9
7.5 -167.58 275.46
10.28 -165.3 274.96
12.9 -162.6 275.23

LNS - closed
14.25 -161.41 275.34
15.7 -161.65 273.46
16.47 -161.55 272.3
15.55 -159.03 271.95
14.02 -155.99 272.14
12.06 -153.48 273.27
9.93 -151.98 275.31
7.85 -151.64 278.01
6.82 -152.04 279.72
8.54 -153.83 278.47
10.69 -156.17 276.96
12.29 -158.27 276.06
13.64 -160.36 275.52

