n92

R
22.0682 -205.61 -238.304

L
31.047 -187.668 -228.263

N
16.8986 -190.283 -246.064

RLC
17.0835 -203.21 -215.333

RNC
-2.6394 -201.476 -232.697

LNC
8.6258 -181.206 -221.325

BR - closed
19.07 -187.28 -243.46
23. -183.75 -238.72
26.49 -182.7 -234.37
29.63 -183.47 -230.31
30.82 -186.78 -228.53
30.66 -192.03 -228.34
28.46 -198.91 -230.61
25.1 -203.92 -234.5
20.62 -206.07 -240.03
17.69 -206.06 -243.76
15.8 -203.05 -246.4
15.43 -197.35 -247.3
16.61 -192.04 -246.22

RGH
22.03 -205.55 -238.22
20.83 -202.72 -236.57
19.46 -198.9 -234.53
18.56 -196.03 -233.09
17.48 -194.46 -231.86
15.66 -194.23 -230.46

LGH
30.87 -187.74 -228.28
28.02 -189.24 -229.55
24.89 -190.64 -230.43
21.64 -192.06 -231.28
19.26 -193.06 -231.82
17.46 -193.39 -231.38
15.61 -193.35 -230.15

NGH
16.94 -190.23 -246.06
16.79 -191.3 -242.5
16.86 -192.36 -239.16
17.34 -193.58 -235.71
16.87 -194.19 -233.3
14.64 -194.17 -231.19

RCI
-2.57 -201.36 -232.73
3.54 -201.53 -238.59
8.96 -202.78 -240.91
13.56 -204.44 -241.55
17.27 -206.33 -241.29
21.97 -205.36 -238.63
23.86 -205.59 -232.56
22.74 -205.81 -226.37
20.38 -205.29 -221.23
17.27 -203.3 -215.65

LCI
17.16 -203.31 -215.55
22.9 -201.22 -219.73
26.83 -198. -223.95
29.77 -192.77 -227.08
30.42 -187.53 -228.64
26.71 -183.63 -229.46
19.85 -181.85 -228.24
14.61 -181.26 -225.67
8.92 -181.15 -221.49

NCI
8.71 -181.06 -221.41
14.18 -180.35 -228.35
17.5 -181.58 -234.71
17.82 -183.36 -240.75
17. -190.4 -246.13
13.29 -196.36 -245.53
7.08 -199.35 -242.23
2.15 -200.52 -238.16
-2.6 -201.32 -232.73

RLS - closed
15.51 -194.56 -230.85
17.86 -194.7 -232.7
20.51 -196.94 -230.77
22.53 -199.76 -227.14
22.42 -201.97 -222.77
20.64 -203.06 -219.07
17.25 -203.31 -215.52
17.78 -200.81 -220.83
17.39 -197.92 -226.07
16.16 -195.82 -228.99

RNS - closed
15.95 -194.39 -230.9
18.24 -194.47 -232.58
17.31 -195.76 -235.02
14.15 -197.98 -238.28
10.03 -199.88 -240.13
5.57 -200.89 -239.68
0.97 -201.04 -237.09
-1.27 -200.78 -235.02
-2.92 -200.51 -233.31
-0.66 -199.89 -233.29
3.12 -198.78 -233.09
7.69 -197.47 -232.91
11.49 -196.23 -232.42
13.81 -195.29 -231.67

LNS - closed
16.57 -193.31 -230.2
18.22 -193.41 -231.49
19.55 -190.91 -232.21
18.58 -186.07 -230.84
16.51 -182.21 -228.74
14.3 -180.66 -226.82
11.71 -180.34 -224.77
8.6 -181.15 -222.45
9.79 -182.12 -223.5
11.45 -184.22 -225.06
13.82 -187.15 -227.27
15.11 -189.12 -228.53
16.06 -191.7 -229.6

