n95

R
30.963 -188.583 1611.57

L
33.8134 -167.698 1620.96

N
17.0978 -173.132 1601.25

RLC
22.3873 -184.259 1636.85

RNC
2.9075 -193.349 1617.66

LNC
5.3206 -167.359 1625.21

BR - closed
29.23 -165.54 1616.43
33.77 -167.88 1620.63
36.82 -173.12 1622.34
36.56 -180.9 1619.72
33.16 -186.76 1614.27
27.13 -188.47 1607.24
22.21 -185.26 1602.89
17.63 -177.79 1600.2
18.3 -170.21 1603.21
23.7 -165.78 1610.38

RGH
30.89 -188.75 1611.48
28.24 -185.7 1612.45
25.56 -182.71 1613.46
23.19 -180.06 1614.36
21.59 -179.3 1615.36
19.48 -179.7 1617.23

LGH
33.69 -167.84 1620.82
30.77 -170.38 1619.28
27.36 -173.27 1617.65
23.97 -176.12 1616.14
21.82 -177.71 1615.75
19.35 -178.62 1617.7

NGH
17.08 -173.2 1601.4
18.1 -174.53 1605.12
19.15 -176.14 1609.64
20.35 -177.49 1613.39
20.23 -178.14 1615.25
18.66 -178.67 1616.79

RCI
2.87 -193.36 1617.41
8.59 -192.63 1611.02
14.28 -192.19 1608.82
20.67 -191.13 1608.4
26.45 -190.07 1608.77
30.79 -188.47 1611.22
32.99 -187.26 1616.25
32.45 -185.67 1621.91
30.96 -184.72 1627.92
22.45 -184.26 1636.72

LCI
22.44 -184.07 1636.77
27.16 -183.53 1633.38
32.45 -180.23 1627.32
34.79 -173.97 1623.52
33.81 -167.97 1620.82
28.41 -166.14 1618.16
22.5 -165.41 1616.97
15.81 -164.36 1618.21
10.79 -165.14 1621.27
5.31 -167.21 1625.26

NCI
5.27 -167.32 1625.33
10.21 -165.6 1620.35
15.03 -165.27 1613.88
17.25 -168.62 1606.69
17.14 -173.05 1601.35
15.75 -180.07 1601.81
11.86 -186.41 1604.63
8.23 -190.31 1609.19
2.81 -193.31 1617.42

RLS - closed
22.34 -178.43 1615.69
25.25 -179.12 1618.51
28.59 -179.97 1621.98
31.08 -180.94 1625.8
30.74 -181.95 1629.51
28.68 -182.7 1632.04
25.41 -183.38 1634.23
22.69 -184.06 1636.42
22.27 -182.94 1632.27
21.59 -181.46 1626.76
20.93 -180.41 1622.82
20.33 -179.46 1619.25
19.91 -179.11 1617.95
21.16 -178.74 1616.69

RNS - closed
19.96 -178.77 1616.69
21.32 -178.49 1615.28
20.84 -180.62 1612.46
18.06 -184.31 1610.24
13.8 -188.01 1610.09
9.84 -190.78 1611.02
5.71 -192.54 1613.85
2.78 -192.8 1617.47
6.68 -190.04 1616.6
10.82 -186.85 1616.11
14.27 -184.03 1615.95
16.87 -181.54 1616.43
18.58 -179.71 1617.05

LNS - closed
20.99 -176.79 1614.49
19.76 -172.8 1614.49
17.34 -168.89 1615.53
14.22 -166.4 1617.54
10.68 -165.83 1620.4
8.29 -166.67 1622.66
5.84 -167.52 1624.97
8.7 -169.34 1623.01
12.48 -172.21 1620.54
15.29 -174.7 1618.8
17.08 -176.65 1617.78
18.55 -178.54 1617.02
20.04 -178.37 1615.71
21.21 -177.96 1614.61

