n94

R
14.5799 -188.755 1901.16

L
24.8755 -175.17 1908.47

N
6.7389 -171.999 1892.6

RLC
13.2887 -183.478 1920.89

RNC
-6.6468 -183.874 1907.96

LNC
5.5787 -164.975 1913.83

BR - closed
9.62 -169.88 1894.82
15.52 -169.11 1899.79
21.3 -170.13 1904.84
24.52 -173.99 1908.03
23.65 -179.99 1907.95
19.59 -185.4 1905.08
14.21 -188.8 1900.85
9.57 -186.48 1896.62
5.43 -181.79 1892.56
5.34 -174.68 1891.69

RGH
14.53 -188.73 1901.19
13.78 -185.69 1902.17
12.97 -182.38 1903.22
12.16 -179.5 1904.25
11.22 -178.57 1905.32
9.79 -178.29 1906.9

LGH
24.86 -175.2 1908.46
22.49 -176.02 1907.43
18.45 -177.37 1905.88
14.31 -178.51 1905.06
12.32 -178.83 1905.43
10.93 -178.66 1906.99

NGH
6.83 -172.17 1892.66
8.17 -173.85 1895.71
9.4 -175.36 1898.41
11.25 -177.68 1902.61
11.03 -178.28 1904.7
9.58 -178.14 1906.39

RCI
-6.77 -183.99 1908.1
-1.05 -185.53 1902.54
6.14 -187.12 1900.09
10.56 -188.55 1900.02
14.44 -188.57 1901.12
16.58 -187.27 1905.36
17.02 -186.31 1910.67
15.58 -185.54 1915.57
13.18 -183.53 1921.11

LCI
13.23 -183.54 1920.91
17.06 -183.81 1915.27
20.51 -181.94 1911.12
23.19 -179.62 1909.22
24.72 -175.08 1908.59
20.45 -170.62 1906.7
15.15 -168.18 1907.39
11.17 -165.88 1909.06
5.55 -164.98 1913.88

NCI
5.46 -164.93 1913.91
8.19 -165.93 1907.23
9.13 -167.23 1902.2
8.99 -168.88 1896.89
6.76 -171.96 1892.63
3.65 -175.73 1892.96
1.31 -179.41 1896.32
-1.1 -182.19 1900.77
-6.63 -183.95 1907.93

RLS - closed
10.72 -178.77 1907.05
12.02 -178.85 1905.23
14.28 -180.19 1906.26
16.43 -181.68 1908.05
17.86 -182.81 1909.72
18.47 -183.74 1911.99
17.59 -184.12 1914.75
16.09 -184.02 1916.85
14.82 -183.94 1918.63
13.54 -183.78 1920.13
13.4 -183.06 1917.84
12.95 -181.9 1914.46
12.67 -180.97 1911.65
12.14 -180.03 1909.19
11.51 -179.38 1907.94

RNS - closed
10.65 -177.92 1906.49
11.83 -178.04 1905.19
11.44 -178.78 1903.68
9.28 -180.24 1901.84
5.36 -181.83 1901.2
0.88 -183.19 1901.58
-1.8 -183.7 1902.59
-3.9 -183.69 1904.38
-5.61 -183.56 1906.15
-6.54 -183.4 1907.35
-4.59 -182.84 1907.09
-0.48 -181.77 1906.3
3.79 -180.46 1905.94
7.36 -179.25 1905.94
9.28 -178.5 1906.2

LNS - closed
10.78 -177.06 1906.61
12.13 -177.15 1905.05
12.65 -174.71 1904.75
12.43 -172.52 1905.28
11.3 -168.84 1907.04
10.1 -166.55 1908.71
8.64 -165.7 1910.5
7.44 -165.52 1911.91
6.24 -165.13 1913.34
6.96 -166.74 1912.31
8.01 -169.04 1910.81
9.03 -171.53 1909.32
10. -173.77 1907.93
10.59 -175.69 1907.01

