n98

R
5.3722 -181.052 1614.91

L
9.51 -163.656 1622.68

N
-7.796 -164.412 1602.41

RLC
-2.5049 -176.784 1635.48

RNC
-23.735 -180.83 1620.33

LNC
-12.3202 -157.095 1627.07

BR - closed
5.07 -160.94 1617.36
8.95 -162.83 1621.55
10.87 -167.81 1622.94
8.75 -176.29 1619.04
4.73 -181.44 1613.47
-1. -180.99 1606.88
-5.97 -176.97 1601.78
-8.28 -169.98 1600.28
-6.81 -162.95 1603.19
-2.92 -160.18 1608.18
1.15 -160.2 1612.92

RGH
5.17 -180.86 1614.92
3. -177.88 1616.18
0.86 -175.06 1617.45
-0.77 -172.76 1618.37
-1.87 -171.99 1619.21
-3.42 -171.94 1620.65

LGH
9.35 -163.74 1622.69
7.04 -165.66 1620.87
4.23 -167.82 1619.04
1.4 -169.69 1617.97
-0.84 -170.78 1618.05
-2.23 -171.15 1618.85
-3.5 -171.31 1620.02

NGH
-7.82 -164.35 1602.35
-4.32 -166.43 1606.25
-3.99 -167.94 1610.58
-2.95 -169.39 1614.22
-2.35 -170.37 1616.77
-3.77 -170.82 1619.04

RCI
-23.74 -180.89 1620.4
-16.39 -180.4 1613.67
-10.23 -180.74 1612.13
-4.51 -181.77 1612.01
0.73 -181.5 1613.03
5.03 -180.46 1614.87
6.59 -178.8 1619.6
5.08 -178.2 1626.01
3.03 -177.83 1630.43
-2.61 -176.64 1635.28

LCI
-2.69 -176.71 1635.37
3.39 -175.74 1630.84
7.8 -172.36 1627.07
10.04 -167.82 1624.18
9.25 -164.06 1622.59
6.29 -161.64 1620.46
1.42 -160.2 1619.69
-3.4 -157.86 1621.51
-7.17 -156.8 1623.39
-12.18 -157.3 1626.98

NCI
-12.48 -157.32 1627.09
-7.82 -157.16 1620.63
-5.81 -158.22 1614.49
-5.36 -160.92 1607.04
-7.72 -164.69 1602.48
-10.07 -170.34 1602.32
-12.37 -175.15 1606.16
-15.43 -178.03 1610.83
-18.64 -179.53 1614.43
-23.76 -180.78 1620.33

RLS - closed
0.15 -170.46 1617.63
2.08 -171.5 1619.33
3.22 -173.18 1623.05
3.35 -174.75 1626.96
2.32 -175.69 1629.86
0.43 -176.15 1631.96
-2.49 -176.81 1635.04
-2.66 -175.89 1632.79
-2.44 -174.5 1629.15
-2.54 -173.04 1625.5
-2.5 -171.94 1622.69
-2.67 -170.76 1619.77
-1.46 -170.51 1618.54

RNS - closed
-2.92 -171.14 1618.69
-1.01 -170.86 1617.06
-3.07 -172.69 1614.23
-7.1 -175.11 1612.18
-12.7 -177.7 1611.67
-16.15 -178.84 1612.7
-19.82 -179.62 1615.11
-22.49 -179.92 1617.68
-24.08 -179.84 1619.97
-20.3 -178.41 1619.39
-14.5 -176.25 1618.35
-10.21 -174.46 1618.16
-7.22 -173.11 1618.35
-4.64 -171.82 1618.89
-3.71 -171.32 1619.2

LNS - closed
-2.5 -170.72 1619.37
-0.58 -170.67 1617.72
-0.36 -168.26 1617.53
-0.71 -164.82 1617.83
-2.54 -161.04 1619.39
-4.33 -159. 1620.93
-6.32 -157.54 1622.64
-9.07 -157.07 1625.
-11.83 -157.16 1627.37
-9.65 -159.54 1625.49
-7.18 -162.35 1623.38
-4.8 -165.65 1621.33
-3.37 -168.3 1620.11

