n90

R
19.5451 -161.937 1355.93

L
21.1165 -150.937 1368.53

N
10.1298 -148.405 1351.38

RLC
13.1126 -168.031 1375.3

RNC
0.5631 -166.42 1355.13

LNC
1.2302 -151.585 1369.44

BR - closed
10.83 -147.3 1353.24
13.68 -145.46 1359.93
17.34 -146.88 1365.12
20.41 -149.49 1368.22
22.99 -153.55 1369.16
23.73 -157.32 1367.09
22.6 -159.79 1362.89
20.35 -161.55 1357.35
17.56 -161.2 1352.73
15.11 -159.35 1350.04
11.91 -154.8 1348.46
10.35 -150.36 1349.67

RGH
19.62 -162.13 1356.18
18.11 -161.05 1357.25
15.26 -160.08 1359.13
13.32 -158.71 1360.5
12.32 -157.71 1361.25
10.39 -158.71 1362.31

LGH
20.95 -150.78 1368.54
19.92 -151.82 1366.71
17.56 -153.67 1364.95
14.22 -156.07 1363.41
12.49 -157.22 1363.06
10.91 -157.99 1363.99

NGH
10.09 -148.53 1351.48
10.99 -150.73 1354.22
11.78 -153.44 1357.59
12.12 -155.84 1360.55
11.61 -156.92 1361.85
10.26 -157.76 1362.8

RCI
0.62 -166.46 1355.11
6.63 -163.74 1351.83
11.78 -162.19 1351.73
15.61 -161.98 1352.73
19.41 -161.88 1356.01
20.47 -162.92 1360.97
20.22 -164.89 1365.67
17.65 -166.69 1370.28
13.29 -168.11 1375.01

LCI
13.04 -168.09 1375.32
17.57 -165.73 1371.52
21.22 -161.22 1369.46
22.2 -155.76 1369.12
21.09 -151.15 1368.66
16.18 -149.13 1366.56
11.08 -148.36 1366.44
6.77 -148.42 1367.41
1.3 -151.49 1369.31

NCI
1.22 -151.55 1369.5
5.62 -148.33 1365.89
9.07 -147.53 1361.64
10.43 -146.91 1356.44
10.3 -148.12 1351.46
9.78 -152.66 1349.29
8.03 -157.47 1350.21
5.06 -161.73 1351.68
0.59 -166.51 1355.14

RLS - closed
12.01 -157.84 1363.35
13.74 -157.8 1363.3
15.78 -159.02 1364.65
18.44 -160.89 1366.74
19.36 -162.63 1368.67
19.18 -164.39 1370.64
17.75 -165.86 1372.28
15.56 -167.06 1373.62
14.14 -167.73 1374.38
13.38 -168.17 1374.86
13.41 -167.27 1373.85
14. -165.52 1371.9
13.82 -163.62 1369.79
13.41 -161.63 1367.57
12.7 -159.61 1365.32
11.9 -158.56 1364.15

RNS - closed
11.34 -157.73 1362.61
12.33 -157.45 1361.01
11.81 -158.46 1357.9
9.94 -160.29 1354.95
7.5 -162.19 1353.25
4.56 -164.1 1352.99
2.55 -165.12 1354.13
0.95 -166. 1354.71
3.25 -164.24 1356.15
5.27 -162.66 1357.53
7.78 -160.63 1359.57
10.1 -158.75 1361.5

LNS - closed
11.2 -157.19 1363.08
12.05 -156.54 1362.61
11.89 -154.46 1362.79
11.23 -152.35 1363.27
8.42 -150.18 1365.02
6.3 -149.38 1366.3
4.44 -149.58 1367.39
2.41 -150.67 1368.53
1.47 -151.37 1369.05
3.14 -152. 1368.05
5.5 -153.08 1366.61
7.97 -154.28 1365.11
9.74 -155.49 1364.01
10.54 -156.73 1363.49

