n91

R
19.0045 -186.466 1263.01

L
29.6309 -174.19 1272.3

N
12.9157 -169.818 1259.69

RLC
19.2519 -185.829 1285.63

RNC
-4.7558 -181.298 1272.91

LNC
13.8289 -164.434 1276.63

BR - closed
13.44 -169.83 1259.68
17.98 -168.75 1263.3
22.5 -169.2 1266.77
26.99 -170.3 1270.16
29.73 -174.23 1271.96
29.36 -179.36 1271.24
26.27 -183.19 1268.52
22.63 -185.87 1265.47
18.08 -185.97 1261.93
14. -182.91 1259.02
10.6 -178.28 1256.77
9.39 -173.36 1256.24

RGH
18.95 -186.5 1263.07
17.91 -183.98 1265.28
16.84 -181.01 1267.7
16.43 -178.5 1269.13
15.52 -177.75 1270.53
14.24 -177.99 1272.06

LGH
29.62 -174.24 1272.23
26.92 -174.93 1270.93
22.69 -175.83 1270.16
18.73 -176.6 1270.02
16.77 -176.88 1270.67
14.46 -177.05 1272.66

NGH
12.99 -169.68 1259.79
14.11 -171.74 1262.27
15.23 -173.72 1264.63
16.32 -175.78 1267.16
16.24 -176.82 1269.13
13.73 -176.78 1271.84

RCI
-4.68 -181.22 1272.89
1.21 -181.73 1266.55
7.57 -182.9 1263.77
12.37 -184.34 1263.11
15.53 -185.31 1262.63
18.8 -185.95 1262.99
20.86 -186.67 1266.98
21.81 -186.61 1271.35
21.8 -186.42 1277.94
19.34 -185.85 1285.55

LCI
19.39 -185.79 1285.52
23.39 -183.99 1278.64
26.13 -181.12 1274.13
28.37 -178.6 1272.61
28.87 -173.66 1271.88
26.18 -171.3 1271.36
21.57 -169.57 1271.13
18.18 -167.27 1273.04
13.83 -164.67 1276.53

NCI
13.52 -164.55 1276.76
15.75 -165.96 1271.17
15.87 -167.99 1265.82
14.75 -169.48 1262.44
12.6 -170.53 1259.74
8.64 -173.26 1259.4
4.97 -177.26 1262.15
1.48 -179.93 1266.28
-4.59 -181.26 1272.79

RLS - closed
14.97 -177. 1272.12
16.3 -176.93 1270.55
17.8 -177.43 1269.81
20.41 -179.53 1270.79
21.92 -181.81 1273.31
22.49 -183.77 1276.25
22.2 -185.41 1279.56
20.92 -185.77 1281.61
19.74 -186.19 1283.66
19.13 -186.29 1284.51
18.94 -185.4 1283.1
18.64 -183.56 1280.08
17.63 -181.15 1276.77
16.34 -178.8 1273.9
15.16 -177.5 1272.82

RNS - closed
14.98 -177.02 1271.72
16.3 -176.88 1270.02
16.13 -177.03 1268.55
14.13 -177.64 1266.01
11.49 -178.31 1264.3
7.52 -179.14 1264.29
3.65 -179.88 1265.09
0.59 -180.36 1267.01
-1.76 -180.69 1269.03
-3.18 -180.85 1270.78
-4.25 -180.93 1272.74
-1.17 -180.29 1272.72
2.7 -179.52 1272.26
6.24 -178.83 1271.73
9.66 -178.15 1271.44
12.36 -177.6 1271.31
13.54 -177.35 1271.38

LNS - closed
15.26 -176.94 1271.69
16.16 -176.95 1270.51
17.21 -176.31 1269.25
18.27 -173.6 1268.36
18.27 -170.7 1268.88
17.2 -168.22 1270.72
16.35 -167.17 1272.02
15.51 -166.07 1273.32
14.9 -165.41 1274.24
13.93 -164.79 1275.61
14.43 -165.82 1274.78
14.83 -166.92 1274.06
15.19 -169.48 1273.12
15.59 -172.6 1272.04
15.43 -174.69 1271.87

