n97

R
37.4548 -167.323 -163.597

L
37.6858 -154.399 -154.712

N
28.6926 -153.424 -167.311

RLC
29.0352 -169.025 -145.725

RNC
15.7018 -169.309 -164.334

LNC
19.3832 -152.092 -151.937

BR - closed
32.63 -150.55 -160.08
35.13 -151.32 -156.91
37.45 -153.61 -155.02
39.24 -156.88 -154.54
40.12 -159.97 -155.29
39.66 -162.55 -157.67
38.82 -165.37 -160.77
37.41 -167.29 -164.11
34.9 -167.08 -167.67
32.18 -165.43 -170.59
29.54 -162.36 -172.44
27.72 -158.83 -172.8
27.8 -155.17 -170.26
28.75 -153.44 -167.71
30.21 -151.55 -164.31

RGH
37.49 -167.45 -163.57
35.16 -165.06 -162.2
32.38 -162.57 -160.55
30.8 -160.67 -159.64
29.56 -160.09 -158.86
28.31 -160.52 -158.

LGH
37.77 -154.46 -154.67
35.48 -156.07 -156.08
33.26 -157.61 -157.35
31.26 -159. -158.5
29.98 -159.69 -158.42
28.6 -160.24 -157.53

NGH
28.69 -153.48 -167.29
29.46 -155.11 -165.35
29.89 -157.23 -162.7
29.75 -159. -160.4
29.29 -159.96 -159.08
28.36 -160.4 -158.34

RCI
15.62 -169.37 -164.37
21. -167.45 -166.89
26.01 -167.46 -168.14
30.15 -168.02 -167.6
34.95 -168.11 -165.63
37.46 -167.33 -163.58
37.84 -166.8 -160.23
36.4 -167.16 -156.5
34.95 -168.12 -152.8
32.62 -169. -149.16
29.16 -169.06 -145.73

LCI
29.03 -169.09 -145.6
33.29 -166.94 -148.61
36.9 -163.41 -151.37
38.54 -158.62 -153.7
37.59 -154.57 -154.94
33.55 -151.62 -156.77
28.63 -150.52 -156.19
24.44 -149.89 -154.65
19.46 -152.03 -151.91

NCI
19.34 -152.06 -151.9
25.02 -149.87 -156.1
28.37 -150.84 -160.27
29.51 -152.24 -164.49
28.8 -153.7 -167.26
26.54 -155.9 -169.8
24.41 -159.94 -170.21
22.44 -163.53 -169.04
19.75 -166.52 -167.21
15.77 -169.19 -164.5

RLS - closed
28.48 -160.54 -158.1
30.44 -159.91 -159.1
33.09 -160.89 -158.04
35.06 -163.39 -154.89
35.03 -165.49 -152.12
33.67 -167.24 -149.69
31.37 -168.4 -147.96
29.26 -169.51 -146.31
29.42 -168.33 -147.88
29.5 -165.93 -151.07
29.64 -163.87 -153.81
29.39 -162.06 -156.17

RNS - closed
28.56 -160.75 -158.42
30.39 -160.05 -160.15
29.84 -161.05 -163.13
28.35 -162.63 -166.17
25.44 -164.66 -167.39
22.3 -166.57 -167.49
19.78 -167.85 -166.46
17.73 -168.86 -165.46
16.05 -169.59 -164.21
18.07 -168.17 -163.3
21.1 -166.12 -162.28
23.97 -164.19 -161.37
25.94 -162.81 -160.55
27.63 -161.54 -159.41

LNS - closed
28.07 -160.08 -158.31
30.03 -159.21 -159.64
29.65 -156.26 -159.04
28.99 -152.19 -158.12
26.48 -150.32 -156.08
24.32 -150.03 -154.48
22.14 -150.9 -152.98
20.31 -152.1 -151.78
21.45 -153.06 -152.72
23.49 -154.33 -154.35
25.46 -156.39 -156.01
27.01 -158.05 -157.32

