n93

R
5.215 -182.075 1217.42

L
15.5437 -167.377 1227.35

N
3.5173 -162.081 1210.99

RLC
-0.8392 -178.207 1238.37

RNC
-19.3025 -172.39 1220.53

LNC
-3.3869 -156.712 1232.04

BR - closed
13.32 -162.21 1222.13
15.75 -164.72 1225.73
16.7 -167.91 1227.62
16.07 -172.92 1227.89
13.24 -177.74 1225.35
10.09 -181.11 1222.08
6.73 -182.4 1218.1
2.85 -181.23 1212.94
-0.03 -177.47 1208.5
-0.93 -172.39 1206.26
0.05 -167.48 1206.45
2.42 -163.75 1208.66
5.94 -161.51 1212.63
9.92 -161.03 1217.57

RGH
5.26 -182.08 1217.52
5.92 -179.49 1217.84
5.38 -175.82 1219.35
4.41 -171.59 1221.34
3.48 -170.27 1222.4
1.56 -170. 1223.85

LGH
15.42 -167.23 1227.47
13.5 -167.86 1225.93
9.66 -168.65 1224.55
5.82 -169.63 1222.48
3.83 -169.82 1222.56
1.86 -169.67 1223.96

NGH
3.59 -162.13 1211.14
3.83 -164.51 1214.49
3.45 -166.68 1218.05
3.92 -168.93 1220.99
3.21 -169.52 1222.49
1.36 -169.36 1223.86

RCI
-19.4 -172.35 1220.51
-13.63 -172.94 1215.17
-9.14 -174.81 1212.6
-4.26 -177.46 1212.16
1.04 -180.77 1213.76
5.15 -181.9 1217.43
7.05 -181.98 1223.16
6.45 -181.22 1228.37
4.17 -180.37 1233.41
-0.87 -178.03 1238.25

LCI
-0.98 -178.11 1238.33
6.85 -177.63 1233.76
10.86 -174.98 1230.55
13.82 -171.57 1229.2
15.66 -166.73 1227.83
11.49 -162.76 1225.07
6.99 -159.14 1225.37
2.51 -157.03 1227.49
-3.12 -156.44 1232.07

NCI
-3.2 -156.42 1232.11
-0.2 -156.46 1227.58
2.56 -156.86 1223.01
4.81 -159.28 1217.42
4.74 -161.47 1213.3
2.71 -162.77 1210.24
-0.81 -164.87 1208.27
-4.73 -167.89 1209.17
-8.37 -170.49 1211.21
-13.56 -171.91 1214.77
-19.38 -172.37 1220.49

RLS - closed
1.53 -169.08 1224.05
4.37 -169.59 1221.85
5.73 -172.09 1224.02
6.31 -175.09 1227.7
4.69 -177.26 1232.45
3.02 -178.31 1235.68
0.94 -178.13 1237.56
-0.5 -177.78 1238.56
0.57 -175.09 1233.62
1.17 -172.49 1229.28
1.43 -170.16 1225.7

RNS - closed
1.13 -169.55 1222.96
3.51 -169.97 1221.01
2.38 -170.97 1218.25
-1.61 -172.34 1215.13
-7.37 -173.24 1213.92
-12.22 -173.53 1214.36
-16.19 -172.94 1217.24
-19.37 -172.22 1220.33
-13.07 -171.61 1220.48
-7.5 -171.01 1220.81
-2.22 -170.25 1221.69

LNS - closed
1.5 -169.24 1222.97
3.6 -169.51 1220.14
4.67 -167.07 1219.66
4.48 -162.52 1221.59
3.3 -158.37 1224.65
1.27 -157.27 1227.7
-1.19 -157.06 1230.98
-2.43 -157.01 1232.62
-0.8 -160.74 1229.12
0.64 -165.4 1225.51

