n99

R
14.5592 -163.598 -52.179

L
22.0547 -149.419 -40.7535

N
2.9943 -148.106 -52.1825

RLC
14.8721 -164.869 -32.2271

RNC
-4.7743 -164.938 -43.4468

LNC
4.4702 -146.916 -33.1175

BR - closed
14.09 -145.62 -45.32
17.93 -145.51 -42.85
21.99 -148.12 -41.51
23.76 -152.84 -42.62
23.34 -157.87 -45.25
20.59 -161.3 -48.61
14.68 -162.96 -53.13
8.19 -161.24 -56.42
3.03 -157.09 -57.72
1.91 -152.22 -56.13
4.2 -147.62 -52.52
9.47 -145.78 -48.32

RGH
14.62 -163.67 -52.08
13.58 -161.35 -50.23
12.28 -158.56 -47.93
11.33 -156.22 -46.22
10.66 -155.45 -45.08
9.73 -155.87 -43.58

LGH
22.14 -149.47 -40.76
19.16 -150.69 -42.26
15.75 -152.12 -43.73
12.62 -153.51 -44.6
11.08 -154.33 -44.22
10.04 -155.05 -42.94

NGH
2.99 -148.13 -52.17
6.32 -150.28 -50.56
8.46 -152.46 -48.32
9.45 -154.08 -46.39
9.31 -154.75 -45.32
8.49 -155.31 -44.09

RCI
-4.76 -164.81 -43.48
-0.47 -163.59 -48.74
4.34 -163.23 -51.55
9.46 -163.24 -53.05
14.36 -163.18 -52.21
17.42 -163.27 -48.36
18.25 -163.96 -42.93
17.05 -164.53 -37.38
14.95 -164.93 -32.58

LCI
14.85 -164.94 -32.32
18.66 -162.25 -36.52
21.14 -159.01 -39.25
22.13 -154.54 -41.11
21.98 -149.62 -40.99
18.16 -147.15 -40.76
14.04 -146.74 -40.36
9.93 -145.73 -37.88
4.69 -146.99 -33.32

NCI
4.54 -147.01 -33.24
6.04 -145.59 -39.61
6.67 -146.15 -45.
5.38 -146.84 -49.5
3.12 -148.89 -52.48
1.39 -152.59 -53.49
0.05 -157.6 -51.83
-1.81 -161.68 -48.91
-4.73 -164.84 -43.52

RLS - closed
11.59 -154.94 -45.52
14.67 -156.47 -44.7
17.2 -159.44 -41.48
18.3 -162.22 -37.88
16.96 -163.68 -35.07
14.92 -164.86 -32.36
14.31 -162.8 -35.12
13.09 -159.82 -38.97
11.29 -157.1 -42.17
10.24 -156.06 -43.22

RNS - closed
8.17 -155.57 -47.78
4.34 -158.26 -50.26
0.91 -160.71 -50.17
-1.15 -162.22 -48.63
-3.26 -163.79 -45.63
-4.62 -164.81 -43.48
-0.97 -162.17 -44.35
2.97 -159.35 -44.47
6.53 -156.8 -44.5
8.26 -155.57 -44.31
9.41 -154.71 -46.12

LNS - closed
11.62 -152.69 -44.84
11.13 -149.08 -43.19
9.95 -146.29 -40.53
8.52 -145.48 -37.85
7.1 -145.91 -35.46
5.44 -146.99 -32.8
6.81 -149.01 -35.63
8.61 -151.95 -39.43
10.05 -154.6 -42.51
11.39 -153.44 -44.6

