n96

R
11.838 -160.832 1661.59

L
23.9086 -145.79 1667.71

N
4.7247 -144.122 1656.49

RLC
11.0249 -156.466 1683.51

RNC
-7.6874 -155.398 1672.49

LNC
4.7312 -137.782 1674.81

BR - closed
19.76 -141.54 1663.97
23.4 -143.56 1666.19
25.74 -146.78 1667.74
24.86 -152.03 1667.53
21.74 -157.2 1666.03
16.99 -159.82 1663.42
11.44 -160.82 1660.26
6.36 -158.47 1657.18
3.02 -154.96 1655.04
1.36 -150.81 1653.83
2.81 -146.69 1654.43
6.73 -142.84 1656.48
12.27 -141.22 1659.6
16.3 -140.86 1661.92

RGH
11.73 -160.82 1661.62
11.23 -158.33 1662.92
10.67 -154.96 1664.47
10.4 -152.1 1665.48
9.91 -151.18 1666.45
8.96 -150.98 1667.98

LGH
23.9 -145.89 1667.81
21.34 -146.92 1666.65
17.3 -148.16 1666.67
13.36 -149.44 1666.32
11.47 -150.1 1665.94
9.87 -150.37 1666.94
9.12 -150.34 1668.17

NGH
4.86 -143.97 1656.54
6.68 -145.69 1658.29
8.27 -148.05 1662.25
9.47 -149.6 1664.57
9.57 -150.11 1665.84
8.64 -150.17 1667.57

RCI
-7.61 -155.46 1672.61
-3.9 -155.95 1666.27
0.32 -157.58 1662.72
6.17 -159.39 1660.62
11.65 -160.66 1661.45
14.57 -160.04 1664.81
15.55 -159.03 1670.08
14.87 -158.22 1675.04
13.68 -157.48 1678.52
11.26 -156.57 1683.47

LCI
11.22 -156.53 1683.59
15.85 -155.78 1677.85
18.82 -154.72 1673.14
21.92 -151.77 1669.83
24.05 -145.8 1667.82
19.18 -142.65 1666.87
14.22 -140.78 1667.74
9.92 -138.71 1669.78
4.55 -138.03 1674.76

NCI
4.54 -138.01 1674.92
6.87 -138.69 1669.7
7.96 -139.44 1665.4
7.92 -141.87 1661.25
7.1 -143.01 1658.14
5.13 -144.14 1656.61
2.21 -146.82 1655.86
-0.13 -149.92 1657.44
-1.82 -152.39 1660.38
-4.26 -154.29 1666.15
-7.48 -155.39 1672.39

RLS - closed
10.76 -150.99 1666.01
13.51 -153.25 1668.49
15.01 -154.83 1671.09
15.43 -156.14 1674.97
14.85 -156.67 1678.13
13.42 -156.5 1680.5
11.43 -156.17 1683.44
10.8 -154.88 1680.06
10.28 -153.67 1676.78
10.03 -152.41 1672.7
9.54 -151.06 1668.84
9.36 -150.7 1667.9
10.13 -150.77 1666.52

RNS - closed
10.05 -150.65 1665.71
8.16 -151.89 1663.67
5.24 -153.29 1662.39
1.26 -154.57 1663.03
-2.54 -155.43 1664.97
-4.63 -155.72 1666.71
-6.16 -155.45 1669.77
-7.66 -155.26 1672.51
-4.61 -154.53 1671.1
-0.8 -153.45 1669.98
2.99 -152.31 1669.1
6.11 -151.28 1668.7
8.7 -150.45 1668.29
9.38 -150.54 1667.02

LNS - closed
10.52 -149.59 1665.07
10.53 -145.83 1665.08
9.59 -141.55 1666.71
8.35 -139.05 1668.86
6.71 -138.29 1671.69
4.89 -137.88 1674.83
6.03 -140.48 1672.86
7.2 -143.32 1670.83
8.26 -146.73 1668.99
8.88 -149.31 1667.9
9.3 -149.69 1667.18
9.96 -149.76 1666.04

